"","Ch1","Ch2","Ch3","Ch4","No"
"1",0.044,0.844,0.084,0.028,1
"2",0.768,0.08,0.036,0.116,2
"3",0.072,0.7,0.04,0.188,3
"4",0.098,0.62,0.044,0.238,4
"5",0.056,0.704,0.206,0.034,5
"6",0.658,0.086,0.09,0.166,6
"7",0.07,0.846,0.02,0.064,7
"8",0.19,0.646,0.042,0.122,8
"9",0.018,0.766,0.034,0.182,9
"10",0.062,0.716,0.024,0.198,10
"11",0.04,0.788,0.05,0.122,11
"12",0.052,0.666,0.2,0.082,12
"13",0.038,0.65,0.124,0.188,13
"14",0.124,0.214,0.09,0.572,14
"15",0.036,0.842,0.024,0.098,15
"16",0.162,0.108,0.112,0.618,16
"17",0.032,0.716,0.024,0.228,17
"18",0.048,0.848,0.036,0.068,18
"19",0.04,0.762,0.096,0.102,19
"20",0.094,0.826,0.044,0.036,20
"21",0.408,0.234,0.108,0.25,21
"22",0.064,0.098,0.044,0.794,22
"23",0.03,0.276,0.638,0.056,23
"24",0.044,0.116,0.08,0.76,24
"25",0.04,0.108,0.748,0.104,25
"26",0.104,0.06,0.102,0.734,26
"27",0.182,0.094,0.564,0.16,27
"28",0.044,0.038,0.19,0.728,28
"29",0.036,0.12,0.732,0.112,29
"30",0.132,0.112,0.038,0.718,30
"31",0.044,0.072,0.158,0.726,31
"32",0.052,0.098,0.086,0.764,32
"33",0.112,0.048,0.052,0.788,33
"34",0.108,0.034,0.08,0.778,34
"35",0.216,0.288,0.246,0.25,35
"36",0.082,0.11,0.046,0.762,36
"37",0.728,0.04,0.094,0.138,37
"38",0.066,0.168,0.072,0.694,38
"39",0.07,0.65,0.176,0.104,39
"40",0.084,0.668,0.034,0.214,40
"41",0.642,0.128,0.056,0.174,41
"42",0.148,0.024,0.76,0.068,42
"43",0.858,0.036,0.022,0.084,43
"44",0.08,0.138,0.71,0.072,44
"45",0.214,0.104,0.44,0.242,45
"46",0.048,0.686,0.174,0.092,46
"47",0.35,0.164,0.342,0.144,47
"48",0.634,0.254,0.06,0.052,48
"49",0.032,0.792,0.144,0.032,49
"50",0.062,0.852,0.034,0.052,50
"51",0.114,0.036,0.798,0.052,51
"52",0.02,0.924,0.018,0.038,52
"53",0.14,0.03,0.064,0.766,53
"54",0.73,0.094,0.056,0.12,54
"55",0.02,0.096,0.81,0.074,55
"56",0.166,0.324,0.096,0.414,56
"57",0.018,0.116,0.154,0.712,57
"58",0.086,0.06,0.712,0.142,58
"59",0.092,0.152,0.03,0.726,59
"60",0.062,0.698,0.076,0.164,60
"61",0.134,0.31,0.258,0.298,61
"62",0.044,0.052,0.8,0.104,62
"63",0.08,0.08,0.058,0.782,63
"64",0.066,0.77,0.05,0.114,64
"65",0.046,0.04,0.802,0.112,65
"66",0.062,0.102,0.106,0.73,66
"67",0.77,0.038,0.078,0.114,67
"68",0.776,0.078,0.036,0.11,68
"69",0.034,0.134,0.746,0.086,69
"70",0.03,0.07,0.794,0.106,70
"71",0.068,0.79,0.04,0.102,71
"72",0.086,0.306,0.358,0.25,72
"73",0.038,0.706,0.1,0.156,73
"74",0.056,0.762,0.032,0.15,74
"75",0.046,0.068,0.764,0.122,75
"76",0.066,0.04,0.756,0.138,76
"77",0.048,0.044,0.71,0.198,77
"78",0.664,0.046,0.14,0.15,78
"79",0.118,0.122,0.336,0.424,79
"80",0.756,0.052,0.048,0.144,80
"81",0.052,0.742,0.034,0.172,81
"82",0.02,0.13,0.046,0.804,82
"83",0.038,0.044,0.192,0.726,83
"84",0.03,0.834,0.052,0.084,84
"85",0.054,0.672,0.124,0.15,85
"86",0.686,0.078,0.066,0.17,86
"87",0.078,0.036,0.172,0.714,87
"88",0.108,0.036,0.748,0.108,88
"89",0.288,0.124,0.09,0.498,89
"90",0.204,0.246,0.266,0.284,90
"91",0.106,0.724,0.028,0.142,91
"92",0.07,0.728,0.036,0.166,92
"93",0.016,0.084,0.782,0.118,93
"94",0.786,0.07,0.024,0.12,94
"95",0.09,0.072,0.038,0.8,95
"96",0.782,0.038,0.076,0.104,96
"97",0.116,0.052,0.688,0.144,97
"98",0.046,0.676,0.184,0.094,98
"99",0.128,0.556,0.096,0.22,99
"100",0.036,0.112,0.784,0.068,100
"101",0.042,0.68,0.118,0.16,101
"102",0.03,0.662,0.166,0.142,102
"103",0.156,0.068,0.078,0.698,103
"104",0.022,0.17,0.112,0.696,104
"105",0.706,0.034,0.096,0.164,105
"106",0.054,0.874,0.024,0.048,106
"107",0.046,0.112,0.674,0.168,107
"108",0.676,0.178,0.078,0.068,108
"109",0.332,0.094,0.176,0.398,109
"110",0.076,0.024,0.816,0.084,110
"111",0.712,0.066,0.036,0.186,111
"112",0.098,0.654,0.182,0.066,112
"113",0.388,0.136,0.146,0.33,113
"114",0.046,0.904,0.02,0.03,114
"115",0.112,0.224,0.386,0.278,115
"116",0.82,0.074,0.038,0.068,116
"117",0.08,0.044,0.748,0.128,117
"118",0.042,0.81,0.104,0.044,118
"119",0.702,0.09,0.08,0.128,119
"120",0.04,0.724,0.2,0.036,120
"121",0.712,0.15,0.018,0.12,121
"122",0.276,0.34,0.118,0.266,122
"123",0.084,0.81,0.032,0.074,123
"124",0.074,0.14,0.674,0.112,124
"125",0.024,0.78,0.042,0.154,125
"126",0.184,0.258,0.168,0.39,126
"127",0.846,0.032,0.07,0.052,127
"128",0.062,0.83,0.042,0.066,128
"129",0.19,0.502,0.116,0.192,129
"130",0.758,0.08,0.03,0.132,130
"131",0.116,0.072,0.698,0.114,131
"132",0.048,0.792,0.036,0.124,132
"133",0.026,0.032,0.892,0.05,133
"134",0.772,0.052,0.078,0.098,134
"135",0.32,0.176,0.228,0.276,135
"136",0.68,0.068,0.036,0.216,136
"137",0.072,0.074,0.79,0.064,137
"138",0.764,0.066,0.058,0.112,138
"139",0.084,0.062,0.782,0.072,139
"140",0.11,0.182,0.328,0.38,140
"141",0.03,0.044,0.824,0.102,141
"142",0.164,0.09,0.494,0.252,142
"143",0.122,0.082,0.056,0.74,143
"144",0.08,0.112,0.1,0.708,144
"145",0.062,0.172,0.068,0.698,145
"146",0.05,0.104,0.092,0.754,146
"147",0.05,0.118,0.132,0.7,147
"148",0.072,0.126,0.06,0.742,148
"149",0.182,0.348,0.274,0.196,149
"150",0.068,0.702,0.154,0.076,150
"151",0.064,0.154,0.66,0.122,151
"152",0.654,0.112,0.134,0.1,152
"153",0.656,0.142,0.05,0.152,153
"154",0.072,0.074,0.778,0.076,154
"155",0.012,0.118,0.792,0.078,155
"156",0.016,0.896,0.05,0.038,156
"157",0.746,0.062,0.122,0.07,157
"158",0.052,0.058,0.754,0.136,158
"159",0.826,0.034,0.05,0.09,159
"160",0.776,0.076,0.018,0.13,160
"161",0.036,0.9,0.008,0.056,161
"162",0.054,0.784,0.036,0.126,162
"163",0.18,0.03,0.034,0.756,163
"164",0.14,0.074,0.048,0.738,164
"165",0.018,0.836,0.076,0.07,165
"166",0.062,0.04,0.782,0.116,166
"167",0.022,0.834,0.112,0.032,167
"168",0.036,0.136,0.692,0.136,168
"169",0.832,0.032,0.05,0.086,169
"170",0.238,0.118,0.136,0.508,170
"171",0.164,0.062,0.036,0.738,171
"172",0.19,0.278,0.164,0.368,172
"173",0.04,0.832,0.07,0.058,173
"174",0.094,0.244,0.476,0.186,174
"175",0.806,0.09,0.038,0.066,175
"176",0.09,0.128,0.044,0.738,176
"177",0.072,0.068,0.084,0.776,177
"178",0.706,0.104,0.082,0.108,178
"179",0.064,0.08,0.066,0.79,179
"180",0.084,0.09,0.076,0.75,180
"181",0.16,0.214,0.486,0.14,181
"182",0.042,0.07,0.842,0.046,182
"183",0.062,0.85,0.04,0.048,183
"184",0.118,0.312,0.322,0.248,184
"185",0.062,0.082,0.046,0.81,185
"186",0.078,0.824,0.046,0.052,186
"187",0.832,0.072,0.06,0.036,187
"188",0.096,0.726,0.072,0.106,188
"189",0.088,0.052,0.71,0.15,189
"190",0.166,0.298,0.194,0.342,190
"191",0.26,0.204,0.218,0.318,191
"192",0.024,0.118,0.772,0.086,192
"193",0.05,0.148,0.678,0.124,193
"194",0.05,0.674,0.158,0.118,194
"195",0.06,0.128,0.656,0.156,195
"196",0.698,0.194,0.036,0.072,196
"197",0.826,0.114,0.014,0.046,197
"198",0.034,0.352,0.586,0.028,198
"199",0.778,0.02,0.108,0.094,199
"200",0.024,0.622,0.078,0.276,200
"201",0.034,0.796,0.044,0.126,201
"202",0.04,0.014,0.876,0.07,202
"203",0.614,0.046,0.054,0.286,203
"204",0.026,0.03,0.784,0.16,204
"205",0.778,0.012,0.13,0.08,205
"206",0.124,0.088,0.194,0.594,206
"207",0.686,0.124,0.03,0.16,207
"208",0.638,0.26,0.02,0.082,208
"209",0.722,0.054,0.136,0.088,209
"210",0.69,0.086,0.06,0.164,210
"211",0.022,0.816,0.086,0.076,211
"212",0.054,0.068,0.806,0.072,212
"213",0.02,0.104,0.68,0.196,213
"214",0.702,0.184,0.036,0.078,214
"215",0.74,0.038,0.028,0.194,215
"216",0.062,0.058,0.46,0.42,216
"217",0.034,0.038,0.826,0.102,217
"218",0.696,0.032,0.048,0.224,218
"219",0.046,0.748,0.038,0.168,219
"220",0.134,0.676,0.044,0.146,220
"221",0.17,0.038,0.706,0.086,221
"222",0.028,0.014,0.768,0.19,222
"223",0.754,0.028,0.116,0.102,223
"224",0.054,0.064,0.644,0.238,224
"225",0.724,0.04,0.03,0.206,225
"226",0.032,0.06,0.712,0.196,226
"227",0.654,0.164,0.08,0.102,227
"228",0.756,0.058,0.032,0.154,228
"229",0.02,0.138,0.072,0.77,229
"230",0.092,0.132,0.028,0.748,230
"231",0.224,0.044,0.034,0.698,231
"232",0.104,0.104,0.09,0.702,232
"233",0.094,0.03,0.124,0.752,233
"234",0.138,0.024,0.11,0.728,234
"235",0.2,0.03,0.05,0.72,235
"236",0.39,0.122,0.112,0.376,236
"237",0.118,0.126,0.04,0.716,237
"238",0.036,0.034,0.242,0.688,238
"239",0.07,0.02,0.216,0.694,239
"240",0.042,0.2,0.024,0.734,240
"241",0.058,0.03,0.876,0.036,241
"242",0.038,0.02,0.23,0.712,242
"243",0.066,0.244,0.03,0.66,243
"244",0.02,0.016,0.272,0.692,244
"245",0.06,0.222,0.038,0.68,245
"246",0.23,0.024,0.04,0.706,246
"247",0.022,0.916,0.034,0.028,247
"248",0.726,0.042,0.164,0.068,248
"249",0.026,0.122,0.046,0.806,249
"250",0.032,0.08,0.81,0.078,250
"251",0.392,0.222,0.124,0.262,251
"252",0.052,0.09,0.052,0.806,252
"253",0.218,0.206,0.158,0.418,253
"254",0.272,0.38,0.106,0.242,254
"255",0.096,0.258,0.108,0.538,255
"256",0.812,0.084,0.04,0.064,256
"257",0.042,0.04,0.81,0.108,257
"258",0.244,0.138,0.212,0.406,258
"259",0.114,0.78,0.04,0.066,259
"260",0.044,0.038,0.066,0.852,260
"261",0.332,0.172,0.142,0.354,261
"262",0.08,0.182,0.514,0.224,262
"263",0.028,0.83,0.046,0.096,263
"264",0.134,0.128,0.138,0.6,264
"265",0.062,0.04,0.06,0.838,265
"266",0.042,0.078,0.788,0.092,266
"267",0.074,0.12,0.448,0.358,267
"268",0.686,0.238,0.042,0.034,268
"269",0.042,0.308,0.618,0.032,269
"270",0.154,0.29,0.126,0.43,270
"271",0.666,0.282,0.022,0.03,271
"272",0.72,0.038,0.062,0.18,272
"273",0.042,0.042,0.732,0.184,273
"274",0.04,0.696,0.02,0.244,274
"275",0.026,0.072,0.038,0.864,275
"276",0.052,0.87,0.042,0.036,276
"277",0.042,0.79,0.032,0.136,277
"278",0.06,0.818,0.044,0.078,278
"279",0.04,0.886,0.02,0.054,279
"280",0.186,0.148,0.13,0.536,280
"281",0.75,0.052,0.046,0.152,281
"282",0.03,0.052,0.768,0.15,282
"283",0.684,0.076,0.024,0.216,283
"284",0.038,0.016,0.2,0.746,284
"285",0.066,0.042,0.04,0.852,285
"286",0.058,0.836,0.034,0.072,286
"287",0.068,0.038,0.706,0.188,287
"288",0.108,0.064,0.712,0.116,288
"289",0.13,0.046,0.026,0.798,289
"290",0.108,0.466,0.124,0.302,290
"291",0.15,0.068,0.526,0.256,291
"292",0.058,0.708,0.072,0.162,292
"293",0.118,0.072,0.078,0.732,293
"294",0.128,0.128,0.038,0.706,294
"295",0.342,0.22,0.172,0.266,295
"296",0.08,0.082,0.054,0.784,296
"297",0.132,0.036,0.044,0.788,297
"298",0.77,0.058,0.044,0.128,298
"299",0.03,0.816,0.058,0.096,299
"300",0.036,0.786,0.064,0.114,300
"301",0.288,0.18,0.284,0.248,301
"302",0.158,0.296,0.158,0.388,302
"303",0.078,0.802,0.036,0.084,303
"304",0.328,0.096,0.25,0.326,304
"305",0.144,0.238,0.238,0.38,305
"306",0.02,0.208,0.7,0.072,306
"307",0.094,0.162,0.708,0.036,307
"308",0.19,0.674,0.03,0.106,308
"309",0.03,0.694,0.172,0.104,309
"310",0.714,0.05,0.126,0.11,310
"311",0.25,0.058,0.01,0.682,311
"312",0.736,0.07,0.094,0.1,312
"313",0.836,0.038,0.066,0.06,313
"314",0.822,0.07,0.03,0.078,314
"315",0.044,0.712,0.016,0.228,315
"316",0.128,0.592,0.052,0.228,316
"317",0.182,0.684,0.034,0.1,317
"318",0.026,0.912,0.036,0.026,318
"319",0.016,0.174,0.022,0.788,319
"320",0.03,0.828,0.064,0.078,320
"321",0.078,0.03,0.058,0.834,321
"322",0.672,0.152,0.044,0.132,322
"323",0.076,0.108,0.732,0.084,323
"324",0.026,0.82,0.06,0.094,324
"325",0.06,0.06,0.748,0.132,325
"326",0.06,0.098,0.73,0.112,326
"327",0.282,0.226,0.21,0.282,327
"328",0.75,0.116,0.064,0.07,328
"329",0.22,0.136,0.21,0.434,329
"330",0.088,0.118,0.734,0.06,330
"331",0.036,0.102,0.036,0.826,331
"332",0.078,0.044,0.07,0.808,332
"333",0.232,0.292,0.108,0.368,333
"334",0.07,0.058,0.04,0.832,334
"335",0.034,0.066,0.754,0.146,335
"336",0.064,0.07,0.066,0.8,336
"337",0.024,0.044,0.742,0.19,337
"338",0.108,0.106,0.24,0.546,338
"339",0.066,0.76,0.114,0.06,339
"340",0.144,0.182,0.13,0.544,340
"341",0.046,0.056,0.076,0.822,341
"342",0.038,0.058,0.798,0.106,342
"343",0.224,0.48,0.1,0.196,343
"344",0.67,0.024,0.154,0.152,344
"345",0.042,0.036,0.792,0.13,345
"346",0.114,0.03,0.69,0.166,346
"347",0.044,0.796,0.062,0.098,347
"348",0.068,0.092,0.792,0.048,348
"349",0.05,0.706,0.076,0.168,349
"350",0.028,0.022,0.822,0.128,350
"351",0.716,0.12,0.038,0.126,351
"352",0.094,0.802,0.032,0.072,352
"353",0.066,0.064,0.724,0.146,353
"354",0.682,0.244,0.026,0.048,354
"355",0.108,0.734,0.044,0.114,355
"356",0.06,0.774,0.046,0.12,356
"357",0.018,0.8,0.07,0.112,357
"358",0.046,0.72,0.036,0.198,358
"359",0.058,0.72,0.03,0.192,359
"360",0.11,0.572,0.086,0.232,360
"361",0.712,0.076,0.098,0.114,361
"362",0.134,0.086,0.684,0.096,362
"363",0.15,0.122,0.138,0.59,363
"364",0.694,0.03,0.228,0.048,364
"365",0.078,0.07,0.688,0.164,365
"366",0.168,0.236,0.486,0.11,366
"367",0.14,0.208,0.14,0.512,367
"368",0.154,0.648,0.074,0.124,368
"369",0.07,0.044,0.17,0.716,369
"370",0.268,0.158,0.122,0.452,370
"371",0.056,0.126,0.042,0.776,371
"372",0.208,0.042,0.034,0.716,372
"373",0.048,0.056,0.048,0.848,373
"374",0.468,0.158,0.126,0.248,374
"375",0.23,0.104,0.148,0.518,375
"376",0.076,0.048,0.12,0.756,376
"377",0.038,0.154,0.058,0.75,377
"378",0.894,0.036,0.034,0.036,378
"379",0.078,0.032,0.662,0.228,379
"380",0.044,0.866,0.04,0.05,380
"381",0.708,0.118,0.062,0.112,381
"382",0.052,0.068,0.058,0.822,382
"383",0.104,0.052,0.068,0.776,383
"384",0.052,0.02,0.884,0.044,384
"385",0.314,0.294,0.144,0.248,385
"386",0.062,0.818,0.054,0.066,386
"387",0.81,0.048,0.04,0.102,387
"388",0.722,0.116,0.03,0.132,388
"389",0.116,0.074,0.066,0.744,389
"390",0.054,0.77,0.062,0.114,390
"391",0.062,0.058,0.05,0.83,391
"392",0.12,0.042,0.78,0.058,392
"393",0.064,0.812,0.032,0.092,393
"394",0.108,0.056,0.046,0.79,394
"395",0.252,0.414,0.102,0.232,395
"396",0.056,0.768,0.038,0.138,396
"397",0.074,0.826,0.034,0.066,397
"398",0.118,0.156,0.57,0.156,398
"399",0.674,0.218,0.038,0.07,399
"400",0.044,0.126,0.03,0.8,400
"401",0.216,0.252,0.31,0.222,401
"402",0.224,0.082,0.398,0.296,402
"403",0.084,0.396,0.094,0.426,403
"404",0.062,0.032,0.162,0.744,404
"405",0.038,0.148,0.054,0.76,405
"406",0.04,0.086,0.19,0.684,406
"407",0.316,0.352,0.042,0.29,407
"408",0.034,0.07,0.22,0.676,408
"409",0.08,0.136,0.03,0.754,409
"410",0.1,0.12,0.152,0.628,410
"411",0.06,0.366,0.106,0.468,411
"412",0.038,0.106,0.032,0.824,412
"413",0.04,0.032,0.074,0.854,413
"414",0.15,0.428,0.072,0.35,414
"415",0.14,0.054,0.03,0.776,415
"416",0.682,0.05,0.072,0.196,416
"417",0.026,0.082,0.146,0.746,417
"418",0.086,0.354,0.12,0.44,418
"419",0.484,0.09,0.162,0.264,419
"420",0.772,0.058,0.056,0.114,420
"421",0.172,0.122,0.118,0.588,421
"422",0.102,0.236,0.252,0.41,422
"423",0.768,0.032,0.132,0.068,423
"424",0.222,0.634,0.05,0.094,424
"425",0.042,0.054,0.69,0.214,425
"426",0.086,0.706,0.068,0.14,426
"427",0.214,0.554,0.15,0.082,427
"428",0.034,0.044,0.746,0.176,428
"429",0.486,0.07,0.088,0.356,429
"430",0.026,0.03,0.762,0.182,430
"431",0.084,0.648,0.07,0.198,431
"432",0.076,0.048,0.05,0.826,432
"433",0.06,0.792,0.06,0.088,433
"434",0.264,0.652,0.038,0.046,434
"435",0.648,0.024,0.052,0.276,435
"436",0.852,0.096,0.02,0.032,436
"437",0.056,0.716,0.048,0.18,437
"438",0.306,0.086,0.162,0.446,438
"439",0.156,0.128,0.238,0.478,439
"440",0.292,0.124,0.176,0.408,440
"441",0.058,0.848,0.042,0.052,441
"442",0.15,0.372,0.078,0.4,442
"443",0.16,0.27,0.112,0.458,443
"444",0.042,0.024,0.078,0.856,444
"445",0.196,0.142,0.232,0.43,445
"446",0.046,0.048,0.096,0.81,446
"447",0.108,0.13,0.152,0.61,447
"448",0.04,0.034,0.852,0.074,448
"449",0.686,0.042,0.172,0.1,449
"450",0.072,0.098,0.048,0.782,450
"451",0.068,0.658,0.088,0.186,451
"452",0.668,0.108,0.038,0.186,452
"453",0.062,0.064,0.138,0.736,453
"454",0.048,0.042,0.722,0.188,454
"455",0.442,0.164,0.162,0.232,455
"456",0.108,0.03,0.03,0.832,456
"457",0.14,0.028,0.038,0.794,457
"458",0.018,0.118,0.056,0.808,458
"459",0.136,0.054,0.028,0.782,459
"460",0.044,0.014,0.216,0.726,460
"461",0.306,0.228,0.094,0.372,461
"462",0.11,0.158,0.626,0.106,462
"463",0.05,0.088,0.092,0.77,463
"464",0.074,0.06,0.092,0.774,464
"465",0.702,0.036,0.12,0.142,465
"466",0.03,0.138,0.026,0.806,466
"467",0.036,0.204,0.034,0.726,467
"468",0.08,0.03,0.038,0.852,468
"469",0.03,0.826,0.048,0.096,469
"470",0.04,0.046,0.06,0.854,470
"471",0.08,0.604,0.22,0.096,471
"472",0.05,0.872,0.038,0.04,472
"473",0.848,0.068,0.024,0.06,473
"474",0.046,0.032,0.044,0.878,474
"475",0.05,0.056,0.852,0.042,475
"476",0.08,0.182,0.044,0.694,476
"477",0.038,0.112,0.098,0.752,477
"478",0.324,0.314,0.078,0.284,478
"479",0.066,0.15,0.04,0.744,479
"480",0.076,0.1,0.082,0.742,480
"481",0.022,0.032,0.178,0.768,481
"482",0.032,0.09,0.142,0.736,482
"483",0.058,0.804,0.066,0.072,483
"484",0.088,0.068,0.068,0.776,484
"485",0.102,0.16,0.024,0.714,485
"486",0.044,0.242,0.04,0.674,486
"487",0.072,0.168,0.036,0.724,487
"488",0.216,0.438,0.078,0.268,488
"489",0.16,0.076,0.41,0.354,489
"490",0.112,0.15,0.384,0.354,490
"491",0.068,0.074,0.148,0.71,491
"492",0.4,0.196,0.238,0.166,492
"493",0.062,0.07,0.168,0.7,493
"494",0.806,0.042,0.046,0.106,494
"495",0.288,0.284,0.236,0.192,495
"496",0.072,0.092,0.162,0.674,496
"497",0.09,0.092,0.176,0.642,497
"498",0.162,0.094,0.044,0.7,498
"499",0.17,0.24,0.224,0.366,499
"500",0.108,0.118,0.048,0.726,500
"501",0.106,0.054,0.11,0.73,501
"502",0.112,0.068,0.072,0.748,502
"503",0.128,0.11,0.044,0.718,503
"504",0.066,0.116,0.07,0.748,504
"505",0.122,0.038,0.1,0.74,505
"506",0.188,0.042,0.066,0.704,506
"507",0.1,0.076,0.122,0.702,507
"508",0.178,0.054,0.046,0.722,508
"509",0.034,0.058,0.256,0.652,509
"510",0.05,0.15,0.044,0.756,510
"511",0.15,0.062,0.064,0.724,511
"512",0.058,0.076,0.192,0.674,512
"513",0.06,0.108,0.074,0.758,513
"514",0.054,0.174,0.638,0.134,514
"515",0.226,0.124,0.32,0.33,515
"516",0.674,0.094,0.084,0.148,516
"517",0.072,0.744,0.032,0.152,517
"518",0.132,0.718,0.044,0.106,518
"519",0.022,0.762,0.086,0.13,519
"520",0.05,0.062,0.784,0.104,520
"521",0.03,0.842,0.052,0.076,521
"522",0.066,0.042,0.774,0.118,522
"523",0.09,0.044,0.752,0.114,523
"524",0.728,0.14,0.024,0.108,524
"525",0.054,0.788,0.054,0.104,525
"526",0.03,0.05,0.82,0.1,526
"527",0.054,0.78,0.078,0.088,527
"528",0.078,0.048,0.7,0.174,528
"529",0.05,0.06,0.762,0.128,529
"530",0.722,0.074,0.056,0.148,530
"531",0.04,0.78,0.066,0.114,531
"532",0.676,0.124,0.054,0.146,532
"533",0.138,0.384,0.328,0.15,533
"534",0.046,0.748,0.144,0.062,534
"535",0.218,0.334,0.3,0.148,535
"536",0.046,0.814,0.064,0.076,536
"537",0.116,0.402,0.322,0.16,537
"538",0.096,0.114,0.676,0.114,538
"539",0.154,0.292,0.312,0.242,539
"540",0.666,0.092,0.126,0.116,540
"541",0.372,0.212,0.162,0.254,541
"542",0.036,0.038,0.196,0.73,542
"543",0.1,0.466,0.23,0.204,543
"544",0.324,0.452,0.114,0.11,544
"545",0.402,0.278,0.202,0.118,545
"546",0.07,0.708,0.154,0.068,546
"547",0.334,0.164,0.246,0.256,547
"548",0.044,0.766,0.126,0.064,548
"549",0.066,0.17,0.708,0.056,549
"550",0.272,0.228,0.218,0.282,550
"551",0.724,0.162,0.068,0.046,551
"552",0.118,0.15,0.038,0.694,552
"553",0.074,0.114,0.122,0.69,553
"554",0.158,0.224,0.37,0.248,554
"555",0.192,0.134,0.494,0.18,555
"556",0.02,0.142,0.112,0.726,556
"557",0.038,0.064,0.202,0.696,557
"558",0.142,0.114,0.134,0.61,558
"559",0.026,0.04,0.188,0.746,559
"560",0.094,0.148,0.076,0.682,560
"561",0.044,0.116,0.122,0.718,561
"562",0.09,0.128,0.104,0.678,562
"563",0.116,0.072,0.082,0.73,563
"564",0.016,0.108,0.164,0.712,564
"565",0.098,0.092,0.096,0.714,565
"566",0.362,0.278,0.24,0.12,566
"567",0.108,0.1,0.03,0.762,567
"568",0.124,0.086,0.03,0.76,568
"569",0.282,0.4,0.09,0.228,569
"570",0.102,0.044,0.096,0.758,570
"571",0.808,0.1,0.038,0.054,571
"572",0.12,0.052,0.342,0.486,572
"573",0.018,0.048,0.28,0.654,573
"574",0.148,0.148,0.022,0.682,574
"575",0.046,0.028,0.164,0.762,575
"576",0.098,0.062,0.326,0.514,576
"577",0.25,0.014,0.062,0.674,577
"578",0.822,0.088,0.014,0.076,578
"579",0.078,0.268,0.076,0.578,579
"580",0.444,0.334,0.076,0.146,580
"581",0.036,0.258,0.036,0.67,581
"582",0.072,0.11,0.018,0.8,582
"583",0.07,0.11,0.07,0.75,583
"584",0.032,0.012,0.906,0.05,584
"585",0.026,0.016,0.114,0.844,585
"586",0.096,0.042,0.016,0.846,586
"587",0.636,0.054,0.084,0.226,587
"588",0.032,0.028,0.056,0.884,588
"589",0.092,0.042,0.024,0.842,589
"590",0.072,0.16,0.678,0.09,590
"591",0.206,0.068,0.04,0.686,591
"592",0.098,0.804,0.014,0.084,592
"593",0.352,0.472,0.09,0.086,593
"594",0.652,0.234,0.05,0.064,594
"595",0.724,0.188,0.036,0.052,595
"596",0.666,0.052,0.14,0.142,596
"597",0.054,0.89,0.03,0.026,597
"598",0.68,0.092,0.16,0.068,598
"599",0.718,0.096,0.062,0.124,599
"600",0.044,0.866,0.05,0.04,600
"601",0.774,0.05,0.056,0.12,601
"602",0.89,0.038,0.03,0.042,602
"603",0.05,0.88,0.032,0.038,603
"604",0.68,0.056,0.154,0.11,604
"605",0.164,0.126,0.418,0.292,605
"606",0.082,0.7,0.178,0.04,606
"607",0.05,0.76,0.052,0.138,607
"608",0.118,0.766,0.032,0.084,608
"609",0.222,0.214,0.082,0.482,609
"610",0.058,0.038,0.712,0.192,610
"611",0.066,0.234,0.388,0.312,611
"612",0.644,0.228,0.032,0.096,612
"613",0.13,0.788,0.036,0.046,613
"614",0.02,0.726,0.192,0.062,614
"615",0.098,0.174,0.09,0.638,615
"616",0.164,0.676,0.126,0.034,616
"617",0.086,0.114,0.302,0.498,617
"618",0.14,0.042,0.782,0.036,618
"619",0.172,0.166,0.41,0.252,619
"620",0.054,0.352,0.272,0.322,620
"621",0.692,0.148,0.046,0.114,621
"622",0.034,0.814,0.048,0.104,622
"623",0.654,0.054,0.032,0.26,623
"624",0.65,0.038,0.1,0.212,624
"625",0.084,0.832,0.058,0.026,625
"626",0.028,0.034,0.708,0.23,626
"627",0.114,0.032,0.826,0.028,627
"628",0.796,0.074,0.066,0.064,628
"629",0.116,0.848,0.024,0.012,629
"630",0.19,0.074,0.708,0.028,630
"631",0.124,0.818,0.026,0.032,631
"632",0.048,0.042,0.104,0.806,632
"633",0.078,0.13,0.066,0.726,633
"634",0.084,0.728,0.084,0.104,634
"635",0.094,0.1,0.692,0.114,635
"636",0.87,0.068,0.024,0.038,636
"637",0.1,0.1,0.236,0.564,637
"638",0.028,0.8,0.052,0.12,638
"639",0.078,0.82,0.028,0.074,639
"640",0.064,0.872,0.036,0.028,640
"641",0.07,0.734,0.088,0.108,641
"642",0.04,0.77,0.046,0.144,642
"643",0.064,0.73,0.04,0.166,643
"644",0.038,0.1,0.058,0.804,644
"645",0.118,0.152,0.206,0.524,645
"646",0.064,0.046,0.052,0.838,646
"647",0.19,0.378,0.316,0.116,647
"648",0.142,0.58,0.09,0.188,648
"649",0.094,0.068,0.578,0.26,649
"650",0.104,0.768,0.042,0.086,650
"651",0.308,0.21,0.344,0.138,651
"652",0.696,0.098,0.13,0.076,652
"653",0.032,0.222,0.72,0.026,653
"654",0.75,0.088,0.054,0.108,654
"655",0.168,0.696,0.082,0.054,655
"656",0.462,0.096,0.132,0.31,656
"657",0.062,0.832,0.07,0.036,657
"658",0.052,0.042,0.868,0.038,658
"659",0.092,0.22,0.58,0.108,659
"660",0.856,0.066,0.042,0.036,660
"661",0.318,0.158,0.166,0.358,661
"662",0.108,0.734,0.05,0.108,662
"663",0.77,0.12,0.044,0.066,663
"664",0.796,0.038,0.108,0.058,664
"665",0.118,0.052,0.116,0.714,665
"666",0.158,0.074,0.03,0.738,666
"667",0.044,0.042,0.112,0.802,667
"668",0.038,0.186,0.626,0.15,668
"669",0.136,0.372,0.196,0.296,669
"670",0.024,0.082,0.208,0.686,670
"671",0.108,0.112,0.084,0.696,671
"672",0.016,0.066,0.812,0.106,672
"673",0.718,0.032,0.092,0.158,673
"674",0.092,0.038,0.142,0.728,674
"675",0.08,0.166,0.026,0.728,675
"676",0.134,0.136,0.024,0.706,676
"677",0.082,0.114,0.748,0.056,677
"678",0.194,0.02,0.682,0.104,678
"679",0.154,0.762,0.026,0.058,679
"680",0.308,0.212,0.058,0.422,680
"681",0.076,0.072,0.154,0.698,681
"682",0.112,0.038,0.098,0.752,682
"683",0.06,0.244,0.038,0.658,683
"684",0.158,0.06,0.024,0.758,684
"685",0.162,0.086,0.066,0.686,685
"686",0.034,0.156,0.062,0.748,686
"687",0.244,0.234,0.24,0.282,687
"688",0.076,0.062,0.076,0.786,688
"689",0.27,0.326,0.164,0.24,689
"690",0.708,0.132,0.058,0.102,690
"691",0.082,0.102,0.756,0.06,691
"692",0.202,0.4,0.16,0.238,692
"693",0.11,0.072,0.104,0.714,693
"694",0.08,0.15,0.048,0.722,694
"695",0.098,0.072,0.064,0.766,695
"696",0.284,0.268,0.16,0.288,696
"697",0.054,0.164,0.042,0.74,697
"698",0.252,0.262,0.138,0.348,698
"699",0.096,0.106,0.084,0.714,699
"700",0.102,0.05,0.752,0.096,700
"701",0.042,0.146,0.054,0.758,701
"702",0.236,0.23,0.408,0.126,702
"703",0.08,0.066,0.13,0.724,703
"704",0.258,0.29,0.284,0.168,704
"705",0.118,0.72,0.074,0.088,705
"706",0.276,0.328,0.126,0.27,706
"707",0.242,0.2,0.286,0.272,707
"708",0.716,0.148,0.086,0.05,708
"709",0.078,0.724,0.108,0.09,709
"710",0.056,0.814,0.052,0.078,710
"711",0.752,0.14,0.048,0.06,711
"712",0.144,0.126,0.678,0.052,712
"713",0.214,0.216,0.168,0.402,713
"714",0.05,0.782,0.056,0.112,714
"715",0.038,0.092,0.802,0.068,715
"716",0.068,0.728,0.082,0.122,716
"717",0.67,0.062,0.092,0.176,717
"718",0.05,0.066,0.786,0.098,718
"719",0.764,0.096,0.046,0.094,719
"720",0.088,0.092,0.668,0.152,720
"721",0.414,0.154,0.24,0.192,721
"722",0.052,0.068,0.778,0.102,722
"723",0.034,0.12,0.014,0.832,723
"724",0.102,0.646,0.06,0.192,724
"725",0.044,0.08,0.04,0.836,725
"726",0.222,0.024,0.102,0.652,726
"727",0.888,0.034,0.014,0.064,727
"728",0.076,0.09,0.038,0.796,728
"729",0.05,0.244,0.024,0.682,729
"730",0.084,0.08,0.322,0.514,730
"731",0.134,0.038,0.07,0.758,731
"732",0.04,0.072,0.81,0.078,732
"733",0.034,0.036,0.092,0.838,733
"734",0.032,0.062,0.052,0.854,734
"735",0.118,0.022,0.68,0.18,735
"736",0.182,0.154,0.142,0.522,736
"737",0.08,0.108,0.248,0.564,737
"738",0.136,0.072,0.06,0.732,738
"739",0.02,0.276,0.024,0.68,739
"740",0.048,0.708,0.022,0.222,740
"741",0.222,0.022,0.696,0.06,741
"742",0.016,0.02,0.79,0.174,742
"743",0.076,0.038,0.714,0.172,743
"744",0.032,0.796,0.028,0.144,744
"745",0.114,0.076,0.566,0.244,745
"746",0.066,0.058,0.026,0.85,746
"747",0.034,0.046,0.056,0.864,747
"748",0.788,0.046,0.022,0.144,748
"749",0.896,0.03,0.024,0.05,749
"750",0.03,0.04,0.884,0.046,750
"751",0.07,0.044,0.044,0.842,751
"752",0.03,0.806,0.046,0.118,752
"753",0.078,0.21,0.07,0.642,753
"754",0.088,0.044,0.032,0.836,754
"755",0.708,0.034,0.028,0.23,755
"756",0.024,0.048,0.168,0.76,756
"757",0.724,0.04,0.07,0.166,757
"758",0.098,0.264,0.152,0.486,758
"759",0.646,0.07,0.138,0.146,759
"760",0.028,0.032,0.078,0.862,760
"761",0.656,0.246,0.034,0.064,761
"762",0.678,0.182,0.024,0.116,762
"763",0.146,0.71,0.028,0.116,763
"764",0.678,0.116,0.082,0.124,764
"765",0.718,0.086,0.038,0.158,765
"766",0.874,0.022,0.048,0.056,766
"767",0.038,0.188,0.698,0.076,767
"768",0.04,0.796,0.028,0.136,768
"769",0.076,0.036,0.728,0.16,769
"770",0.11,0.2,0.114,0.576,770
"771",0.688,0.034,0.046,0.232,771
"772",0.236,0.07,0.122,0.572,772
"773",0.746,0.032,0.052,0.17,773
"774",0.056,0.034,0.866,0.044,774
"775",0.032,0.024,0.714,0.23,775
"776",0.192,0.126,0.078,0.604,776
"777",0.034,0.018,0.892,0.056,777
"778",0.076,0.042,0.046,0.836,778
"779",0.138,0.082,0.622,0.158,779
"780",0.814,0.05,0.062,0.074,780
"781",0.042,0.118,0.78,0.06,781
"782",0.038,0.03,0.17,0.762,782
"783",0.666,0.052,0.082,0.2,783
"784",0.222,0.372,0.212,0.194,784
"785",0.044,0.042,0.82,0.094,785
"786",0.052,0.788,0.056,0.104,786
"787",0.074,0.066,0.73,0.13,787
"788",0.68,0.104,0.06,0.156,788
"789",0.066,0.094,0.782,0.058,789
"790",0.782,0.05,0.052,0.116,790
"791",0.096,0.792,0.038,0.074,791
"792",0.732,0.064,0.128,0.076,792
"793",0.818,0.058,0.078,0.046,793
"794",0.818,0.074,0.044,0.064,794
"795",0.75,0.052,0.094,0.104,795
"796",0.058,0.824,0.05,0.068,796
"797",0.04,0.07,0.73,0.16,797
"798",0.822,0.054,0.036,0.088,798
"799",0.036,0.042,0.822,0.1,799
"800",0.798,0.036,0.086,0.08,800
"801",0.024,0.016,0.052,0.908,801
"802",0.16,0.084,0.082,0.674,802
"803",0.078,0.166,0.314,0.442,803
"804",0.774,0.034,0.026,0.166,804
"805",0.788,0.016,0.032,0.164,805
"806",0.086,0.396,0.27,0.248,806
"807",0.028,0.224,0.652,0.096,807
"808",0.106,0.242,0.118,0.534,808
"809",0.088,0.346,0.174,0.392,809
"810",0.786,0.028,0.05,0.136,810
"811",0.038,0.178,0.752,0.032,811
"812",0.048,0.03,0.708,0.214,812
"813",0.178,0.704,0.028,0.09,813
"814",0.034,0.094,0.696,0.176,814
"815",0.052,0.844,0.062,0.042,815
"816",0.726,0.058,0.034,0.182,816
"817",0.026,0.048,0.028,0.898,817
"818",0.782,0.052,0.028,0.138,818
"819",0.804,0.07,0.056,0.07,819
"820",0.054,0.814,0.08,0.052,820
"821",0.04,0.698,0.038,0.224,821
"822",0.036,0.776,0.034,0.154,822
"823",0.02,0.074,0.722,0.184,823
"824",0.75,0.036,0.04,0.174,824
"825",0.3,0.23,0.084,0.386,825
"826",0.714,0.046,0.034,0.206,826
"827",0.84,0.05,0.032,0.078,827
"828",0.124,0.1,0.132,0.644,828
"829",0.752,0.03,0.126,0.092,829
"830",0.04,0.832,0.072,0.056,830
"831",0.052,0.042,0.056,0.85,831
"832",0.064,0.768,0.044,0.124,832
"833",0.048,0.052,0.774,0.126,833
"834",0.838,0.052,0.042,0.068,834
"835",0.046,0.808,0.102,0.044,835
"836",0.054,0.028,0.832,0.086,836
"837",0.12,0.8,0.012,0.068,837
"838",0.052,0.076,0.818,0.054,838
"839",0.884,0.044,0.026,0.046,839
"840",0.104,0.478,0.204,0.214,840
"841",0.032,0.184,0.096,0.688,841
"842",0.834,0.028,0.044,0.094,842
"843",0.064,0.044,0.166,0.726,843
"844",0.86,0.028,0.052,0.06,844
"845",0.02,0.048,0.864,0.068,845
"846",0.034,0.048,0.71,0.208,846
"847",0.022,0.852,0.028,0.098,847
"848",0.03,0.29,0.024,0.656,848
"849",0.674,0.022,0.27,0.034,849
"850",0.722,0.04,0.036,0.202,850
"851",0.772,0.06,0.08,0.088,851
"852",0.16,0.716,0.054,0.07,852
"853",0.03,0.89,0.03,0.05,853
"854",0.666,0.034,0.23,0.07,854
"855",0.03,0.02,0.858,0.092,855
"856",0.018,0.15,0.024,0.808,856
"857",0.862,0.064,0.048,0.026,857
"858",0.072,0.73,0.092,0.106,858
"859",0.094,0.406,0.35,0.15,859
"860",0.11,0.326,0.388,0.176,860
"861",0.036,0.14,0.032,0.792,861
"862",0.038,0.208,0.028,0.726,862
"863",0.362,0.106,0.31,0.222,863
"864",0.09,0.062,0.108,0.74,864
"865",0.026,0.172,0.038,0.764,865
"866",0.022,0.218,0.016,0.744,866
"867",0.124,0.102,0.018,0.756,867
"868",0.546,0.11,0.132,0.212,868
"869",0.12,0.052,0.042,0.786,869
"870",0.028,0.178,0.032,0.762,870
"871",0.092,0.03,0.772,0.106,871
"872",0.092,0.05,0.806,0.052,872
"873",0.024,0.192,0.03,0.754,873
"874",0.032,0.106,0.096,0.766,874
"875",0.096,0.756,0.102,0.046,875
"876",0.03,0.04,0.906,0.024,876
"877",0.026,0.79,0.086,0.098,877
"878",0.84,0.056,0.054,0.05,878
"879",0.034,0.106,0.812,0.048,879
"880",0.324,0.156,0.206,0.314,880
"881",0.214,0.118,0.336,0.332,881
"882",0.116,0.114,0.572,0.198,882
"883",0.79,0.06,0.108,0.042,883
"884",0.082,0.038,0.15,0.73,884
"885",0.826,0.052,0.042,0.08,885
"886",0.05,0.808,0.058,0.084,886
"887",0.066,0.042,0.094,0.798,887
"888",0.794,0.078,0.062,0.066,888
"889",0.052,0.206,0.7,0.042,889
"890",0.176,0.068,0.694,0.062,890
"891",0.874,0.04,0.036,0.05,891
"892",0.038,0.056,0.104,0.802,892
"893",0.038,0.078,0.064,0.82,893
"894",0.682,0.112,0.14,0.066,894
"895",0.068,0.188,0.384,0.36,895
"896",0.098,0.18,0.044,0.678,896
"897",0.016,0.268,0.7,0.016,897
"898",0.146,0.068,0.116,0.67,898
"899",0.092,0.216,0.012,0.68,899
"900",0.09,0.07,0.042,0.798,900
"901",0.054,0.698,0.054,0.194,901
"902",0.08,0.018,0.226,0.676,902
"903",0.07,0.072,0.454,0.404,903
"904",0.442,0.214,0.1,0.244,904
"905",0.032,0.054,0.066,0.848,905
"906",0.174,0.028,0.018,0.78,906
"907",0.426,0.1,0.118,0.356,907
"908",0.022,0.838,0.018,0.122,908
"909",0.48,0.098,0.102,0.32,909
"910",0.19,0.052,0.034,0.724,910
"911",0.036,0.036,0.04,0.888,911
"912",0.748,0.082,0.038,0.132,912
"913",0.76,0.052,0.076,0.112,913
"914",0.068,0.058,0.702,0.172,914
"915",0.778,0.042,0.062,0.118,915
"916",0.42,0.14,0.098,0.342,916
"917",0.736,0.064,0.086,0.114,917
"918",0.694,0.068,0.046,0.192,918
"919",0.182,0.318,0.178,0.322,919
"920",0.062,0.086,0.68,0.172,920
"921",0.068,0.676,0.1,0.156,921
"922",0.122,0.032,0.64,0.206,922
"923",0.098,0.05,0.64,0.212,923
"924",0.368,0.114,0.168,0.35,924
"925",0.174,0.242,0.226,0.358,925
"926",0.184,0.416,0.116,0.284,926
"927",0.046,0.752,0.032,0.17,927
"928",0.034,0.872,0.044,0.05,928
"929",0.056,0.7,0.068,0.176,929
"930",0.044,0.752,0.062,0.142,930
"931",0.784,0.056,0.048,0.112,931
"932",0.108,0.126,0.716,0.05,932
"933",0.03,0.042,0.738,0.19,933
"934",0.68,0.186,0.082,0.052,934
"935",0.03,0.114,0.726,0.13,935
"936",0.302,0.128,0.264,0.306,936
"937",0.024,0.724,0.14,0.112,937
"938",0.786,0.036,0.064,0.114,938
"939",0.754,0.078,0.112,0.056,939
"940",0.2,0.724,0.038,0.038,940
"941",0.02,0.114,0.78,0.086,941
"942",0.154,0.312,0.178,0.356,942
"943",0.088,0.54,0.078,0.294,943
"944",0.024,0.766,0.11,0.1,944
"945",0.694,0.038,0.068,0.2,945
"946",0.066,0.048,0.68,0.206,946
"947",0.028,0.88,0.024,0.068,947
"948",0.756,0.056,0.046,0.142,948
"949",0.168,0.198,0.226,0.408,949
"950",0.72,0.08,0.026,0.174,950
"951",0.144,0.02,0.15,0.686,951
"952",0.036,0.578,0.278,0.108,952
"953",0.086,0.022,0.132,0.76,953
"954",0.124,0.058,0.008,0.81,954
"955",0.096,0.042,0.82,0.042,955
"956",0.884,0.014,0.016,0.086,956
"957",0.074,0.112,0.02,0.794,957
"958",0.782,0.142,0.008,0.068,958
"959",0.12,0.036,0.034,0.81,959
"960",0.062,0.1,0.066,0.772,960
"961",0.02,0.09,0.778,0.112,961
"962",0.158,0.024,0.032,0.786,962
"963",0.736,0.03,0.152,0.082,963
"964",0.022,0.854,0.028,0.096,964
"965",0.066,0.118,0.086,0.73,965
"966",0.184,0.01,0.086,0.72,966
"967",0.076,0.06,0.028,0.836,967
"968",0.056,0.142,0.032,0.77,968
"969",0.048,0.082,0.03,0.84,969
"970",0.646,0.186,0.028,0.14,970
"971",0.036,0.094,0.782,0.088,971
"972",0.094,0.236,0.162,0.508,972
"973",0.378,0.222,0.098,0.302,973
"974",0.054,0.106,0.672,0.168,974
"975",0.048,0.076,0.724,0.152,975
"976",0.796,0.046,0.084,0.074,976
"977",0.078,0.024,0.048,0.85,977
"978",0.134,0.09,0.326,0.45,978
"979",0.242,0.118,0.142,0.498,979
"980",0.144,0.23,0.2,0.426,980
"981",0.098,0.77,0.048,0.084,981
"982",0.778,0.026,0.018,0.178,982
"983",0.038,0.058,0.044,0.86,983
"984",0.116,0.424,0.082,0.378,984
"985",0.196,0.282,0.082,0.44,985
"986",0.12,0.04,0.762,0.078,986
"987",0.048,0.798,0.082,0.072,987
"988",0.096,0.11,0.37,0.424,988
"989",0.052,0.046,0.062,0.84,989
"990",0.044,0.03,0.716,0.21,990
"991",0.03,0.11,0.794,0.066,991
"992",0.038,0.13,0.074,0.758,992
"993",0.088,0.23,0.394,0.288,993
"994",0.116,0.712,0.102,0.07,994
"995",0.126,0.098,0.074,0.702,995
"996",0.034,0.078,0.77,0.118,996
"997",0.028,0.152,0.684,0.136,997
"998",0.018,0.756,0.052,0.174,998
"999",0.058,0.062,0.676,0.204,999
"1000",0.75,0.044,0.104,0.102,1000
"1001",0.514,0.092,0.09,0.304,1001
"1002",0.83,0.05,0.038,0.082,1002
"1003",0.016,0.194,0.068,0.722,1003
"1004",0.028,0.052,0.786,0.134,1004
"1005",0.162,0.036,0.062,0.74,1005
"1006",0.072,0.818,0.024,0.086,1006
"1007",0.032,0.066,0.104,0.798,1007
"1008",0.722,0.03,0.1,0.148,1008
"1009",0.506,0.142,0.078,0.274,1009
"1010",0.058,0.048,0.036,0.858,1010
"1011",0.89,0.026,0.008,0.076,1011
"1012",0.042,0.172,0.03,0.756,1012
"1013",0.098,0.134,0.244,0.524,1013
"1014",0.39,0.1,0.09,0.42,1014
"1015",0.164,0.358,0.176,0.302,1015
"1016",0.062,0.036,0.166,0.736,1016
"1017",0.036,0.036,0.784,0.144,1017
"1018",0.12,0.036,0.04,0.804,1018
"1019",0.084,0.826,0.05,0.04,1019
"1020",0.134,0.15,0.516,0.2,1020
"1021",0.026,0.798,0.08,0.096,1021
"1022",0.366,0.124,0.104,0.406,1022
"1023",0.69,0.126,0.07,0.114,1023
"1024",0.042,0.888,0.024,0.046,1024
"1025",0.046,0.048,0.134,0.772,1025
"1026",0.082,0.086,0.292,0.54,1026
"1027",0.042,0.028,0.122,0.808,1027
"1028",0.036,0.022,0.186,0.756,1028
"1029",0.114,0.484,0.11,0.292,1029
"1030",0.186,0.456,0.204,0.154,1030
"1031",0.08,0.03,0.096,0.794,1031
"1032",0.15,0.036,0.056,0.758,1032
"1033",0.762,0.038,0.07,0.13,1033
"1034",0.138,0.04,0.058,0.764,1034
"1035",0.022,0.146,0.79,0.042,1035
"1036",0.05,0.12,0.042,0.788,1036
"1037",0.038,0.036,0.804,0.122,1037
"1038",0.574,0.15,0.064,0.212,1038
"1039",0.036,0.134,0.136,0.694,1039
"1040",0.048,0.162,0.044,0.746,1040
"1041",0.19,0.05,0.03,0.73,1041
"1042",0.02,0.028,0.244,0.708,1042
"1043",0.046,0.042,0.106,0.806,1043
"1044",0.786,0.042,0.03,0.142,1044
"1045",0.128,0.044,0.678,0.15,1045
"1046",0.302,0.398,0.14,0.16,1046
"1047",0.35,0.3,0.116,0.234,1047
"1048",0.162,0.196,0.214,0.428,1048
"1049",0.044,0.066,0.796,0.094,1049
"1050",0.384,0.306,0.094,0.216,1050
"1051",0.058,0.816,0.014,0.112,1051
"1052",0.052,0.046,0.128,0.774,1052
"1053",0.03,0.102,0.058,0.81,1053
"1054",0.05,0.064,0.79,0.096,1054
"1055",0.06,0.026,0.812,0.102,1055
"1056",0.084,0.044,0.094,0.778,1056
"1057",0.06,0.118,0.736,0.086,1057
"1058",0.748,0.048,0.132,0.072,1058
"1059",0.062,0.104,0.042,0.792,1059
"1060",0.084,0.058,0.774,0.084,1060
"1061",0.068,0.03,0.092,0.81,1061
"1062",0.04,0.794,0.08,0.086,1062
"1063",0.126,0.174,0.268,0.432,1063
"1064",0.768,0.058,0.044,0.13,1064
"1065",0.182,0.114,0.022,0.682,1065
"1066",0.106,0.334,0.216,0.344,1066
"1067",0.162,0.108,0.098,0.632,1067
"1068",0.042,0.036,0.208,0.714,1068
"1069",0.018,0.058,0.028,0.896,1069
"1070",0.074,0.066,0.068,0.792,1070
"1071",0.186,0.026,0.042,0.746,1071
"1072",0.096,0.506,0.156,0.242,1072
"1073",0.088,0.026,0.07,0.816,1073
"1074",0.04,0.204,0.092,0.664,1074
"1075",0.056,0.068,0.032,0.844,1075
"1076",0.758,0.162,0.058,0.022,1076
"1077",0.13,0.108,0.08,0.682,1077
"1078",0.664,0.056,0.092,0.188,1078
"1079",0.16,0.03,0.026,0.784,1079
"1080",0.042,0.114,0.022,0.822,1080
"1081",0.206,0.734,0.03,0.03,1081
"1082",0.034,0.832,0.078,0.056,1082
"1083",0.09,0.11,0.03,0.77,1083
"1084",0.078,0.11,0.648,0.164,1084
"1085",0.068,0.14,0.698,0.094,1085
"1086",0.062,0.134,0.764,0.04,1086
"1087",0.42,0.224,0.204,0.152,1087
"1088",0.13,0.38,0.286,0.204,1088
"1089",0.724,0.154,0.086,0.036,1089
"1090",0.036,0.808,0.104,0.052,1090
"1091",0.112,0.77,0.062,0.056,1091
"1092",0.056,0.15,0.732,0.062,1092
"1093",0.184,0.702,0.054,0.06,1093
"1094",0.068,0.106,0.78,0.046,1094
"1095",0.046,0.23,0.68,0.044,1095
"1096",0.058,0.78,0.086,0.076,1096
"1097",0.136,0.14,0.692,0.032,1097
"1098",0.126,0.08,0.67,0.124,1098
"1099",0.662,0.154,0.146,0.038,1099
"1100",0.18,0.59,0.104,0.126,1100
"1101",0.044,0.76,0.088,0.108,1101
"1102",0.7,0.112,0.16,0.028,1102
"1103",0.204,0.652,0.024,0.12,1103
"1104",0.106,0.538,0.116,0.24,1104
"1105",0.022,0.846,0.05,0.082,1105
"1106",0.782,0.09,0.038,0.09,1106
"1107",0.112,0.038,0.744,0.106,1107
"1108",0.062,0.25,0.024,0.664,1108
"1109",0.082,0.24,0.42,0.258,1109
"1110",0.02,0.03,0.904,0.046,1110
"1111",0.046,0.804,0.03,0.12,1111
"1112",0.038,0.762,0.05,0.15,1112
"1113",0.024,0.246,0.644,0.086,1113
"1114",0.304,0.05,0.448,0.198,1114
"1115",0.052,0.04,0.046,0.862,1115
"1116",0.808,0.024,0.102,0.066,1116
"1117",0.728,0.11,0.052,0.11,1117
"1118",0.12,0.034,0.038,0.808,1118
"1119",0.062,0.046,0.746,0.146,1119
"1120",0.174,0.672,0.12,0.034,1120
"1121",0.704,0.026,0.09,0.18,1121
"1122",0.052,0.076,0.744,0.128,1122
"1123",0.15,0.036,0.702,0.112,1123
"1124",0.034,0.792,0.108,0.066,1124
"1125",0.068,0.78,0.054,0.098,1125
"1126",0.042,0.754,0.07,0.134,1126
"1127",0.052,0.77,0.062,0.116,1127
"1128",0.03,0.714,0.19,0.066,1128
"1129",0.04,0.026,0.86,0.074,1129
"1130",0.094,0.692,0.058,0.156,1130
"1131",0.02,0.046,0.822,0.112,1131
"1132",0.074,0.8,0.05,0.076,1132
"1133",0.122,0.806,0.02,0.052,1133
"1134",0.728,0.076,0.056,0.14,1134
"1135",0.03,0.054,0.792,0.124,1135
"1136",0.784,0.056,0.102,0.058,1136
"1137",0.562,0.102,0.126,0.21,1137
"1138",0.044,0.764,0.05,0.142,1138
"1139",0.712,0.076,0.048,0.164,1139
"1140",0.026,0.934,0.018,0.022,1140
"1141",0.672,0.098,0.148,0.082,1141
"1142",0.722,0.086,0.034,0.158,1142
"1143",0.426,0.09,0.094,0.39,1143
"1144",0.116,0.262,0.248,0.374,1144
"1145",0.154,0.686,0.042,0.118,1145
"1146",0.426,0.1,0.088,0.386,1146
"1147",0.042,0.024,0.78,0.154,1147
"1148",0.688,0.036,0.096,0.18,1148
"1149",0.722,0.058,0.134,0.086,1149
"1150",0.782,0.044,0.112,0.062,1150
"1151",0.312,0.198,0.07,0.42,1151
"1152",0.666,0.046,0.19,0.098,1152
"1153",0.216,0.1,0.21,0.474,1153
"1154",0.774,0.064,0.046,0.116,1154
"1155",0.044,0.78,0.042,0.134,1155
"1156",0.092,0.086,0.696,0.126,1156
"1157",0.034,0.134,0.682,0.15,1157
"1158",0.264,0.476,0.084,0.176,1158
"1159",0.04,0.132,0.738,0.09,1159
"1160",0.044,0.678,0.02,0.258,1160
"1161",0.108,0.212,0.126,0.554,1161
"1162",0.028,0.022,0.67,0.28,1162
"1163",0.228,0.122,0.098,0.552,1163
"1164",0.164,0.342,0.07,0.424,1164
"1165",0.076,0.08,0.158,0.686,1165
"1166",0.03,0.07,0.018,0.882,1166
"1167",0.734,0.038,0.03,0.198,1167
"1168",0.036,0.118,0.028,0.818,1168
"1169",0.038,0.654,0.1,0.208,1169
"1170",0.082,0.778,0.03,0.11,1170
"1171",0.66,0.128,0.15,0.062,1171
"1172",0.028,0.024,0.044,0.904,1172
"1173",0.034,0.092,0.02,0.854,1173
"1174",0.682,0.024,0.03,0.264,1174
"1175",0.084,0.118,0.018,0.78,1175
"1176",0.034,0.032,0.116,0.818,1176
"1177",0.032,0.1,0.026,0.842,1177
"1178",0.026,0.294,0.012,0.668,1178
"1179",0.12,0.154,0.038,0.688,1179
"1180",0.08,0.058,0.198,0.664,1180
"1181",0.122,0.05,0.686,0.142,1181
"1182",0.078,0.156,0.058,0.708,1182
"1183",0.854,0.052,0.042,0.052,1183
"1184",0.446,0.172,0.17,0.212,1184
"1185",0.72,0.078,0.09,0.112,1185
"1186",0.034,0.058,0.128,0.78,1186
"1187",0.202,0.046,0.704,0.048,1187
"1188",0.134,0.068,0.054,0.744,1188
"1189",0.038,0.182,0.066,0.714,1189
"1190",0.712,0.082,0.148,0.058,1190
"1191",0.676,0.106,0.074,0.144,1191
"1192",0.744,0.06,0.044,0.152,1192
"1193",0.806,0.052,0.066,0.076,1193
"1194",0.05,0.142,0.038,0.77,1194
"1195",0.042,0.154,0.056,0.748,1195
"1196",0.8,0.092,0.042,0.066,1196
"1197",0.084,0.788,0.066,0.062,1197
"1198",0.19,0.028,0.724,0.058,1198
"1199",0.222,0.036,0.688,0.054,1199
"1200",0.786,0.056,0.044,0.114,1200
