"No","Ch1","Ch2","Ch3","Ch4"
21566,0.195642963528051,0.102946744447924,0.35220856360116,0.349201728422864
21567,0.0262891563249987,0.478366773397274,0.247736183054894,0.247607887222834
21568,0.317704570381385,0.410467477783478,0.079738507597588,0.19208944423755
21569,0.497869470892427,0.0861339712221096,0.178892928324924,0.237103629560539
21570,0.16142514835904,0.264668619886267,0.421735857908099,0.152170373846594
21571,0.0566743793830789,0.698233942515123,0.121738615955858,0.12335306214594
21572,0.203581428648504,0.0272929805199057,0.485441511033754,0.283684079797836
21573,0.111743526747697,0.113261344493125,0.142455992764173,0.632539135995005
21574,0.166174939483047,0.241466856917223,0.367540824633604,0.224817378966125
21575,0.043565081977734,0.0641634522541775,0.597277694721823,0.294993771046265
21576,0.1965726733902,0.157895848593901,0.26354143877254,0.38199003924336
21577,0.137559798372398,0.0610255167124265,0.654098364637048,0.147316320278128
21578,0.391339162216604,0.213913226415171,0.119795936396353,0.274951674971872
21579,0.0701209229944396,0.138522002400504,0.135201479310959,0.656155595294097
21580,0.0477275343972848,0.434449460094128,0.209589989988746,0.308233015519841
21581,0.333030105343028,0.0558905612461084,0.211997655677275,0.399081677733588
21582,0.119483627599215,0.127973395071983,0.309367383777426,0.443175593551376
21583,0.130376875712916,0.137719906883048,0.317657169804169,0.414246047599867
21584,0.192665670674303,0.162553650157003,0.0479957536165612,0.596784925552133
21585,0.384711271411431,0.241371424599686,0.146203150130035,0.227714153858848
21586,0.259428823774718,0.30229522272422,0.269686414821037,0.168589538680024
21587,0.0357307263943473,0.535737529575424,0.196238526496004,0.232293217534224
21588,0.0823492951841614,0.085220074211821,0.553528312379059,0.278902318224958
21589,0.172475194862969,0.102006120170923,0.541811655930078,0.18370702903603
21590,0.0482246840657778,0.153231058012257,0.527402169897861,0.271142088024104
21591,0.0434310188930225,0.285240373326449,0.39981542876962,0.271513179010908
21592,0.103082014185974,0.246586614108112,0.119814760301223,0.530516611404691
21593,0.647108933620199,0.131860824758288,0.116461253831708,0.104568987789805
21594,0.196001368206783,0.288035080835411,0.199384139725046,0.31657941123276
21595,0.325214266069738,0.167785010524673,0.101149639310493,0.405851084095095
21596,0.153569430026681,0.511955067649721,0.177188777287742,0.157286725035857
21597,0.379258462994091,0.217529621384749,0.0656745044756162,0.337537411145544
21598,0.122851219150413,0.321927353629505,0.358364128959837,0.196857298260245
21599,0.264314131163118,0.408592901931514,0.238763044279319,0.0883299226260491
21600,0.101232710000322,0.189256739018332,0.110573552771626,0.598936998209719
21601,0.0868476997202084,0.204302507348332,0.322322073419324,0.386527719512135
21602,0.0274738550044526,0.416164800643697,0.396189761934443,0.160171582417408
21603,0.541359375575766,0.0450296933570393,0.160461558924955,0.25314937214224
21604,0.0469060761723505,0.29275907647318,0.288000119557957,0.372334727796513
21605,0.286278990308287,0.0667824548488561,0.423078825900627,0.22385972894223
21606,0.312294423581476,0.0612684070394114,0.306212294314273,0.32022487506484
21607,0.362005954384317,0.0924712545844419,0.116796636720481,0.42872615431076
21608,0.265739794318261,0.408109142368385,0.0578277859371648,0.268323277376189
21609,0.106264058304921,0.071311203885393,0.361421568473207,0.461003169336479
21610,0.277054776188424,0.337388282642401,0.0371816413371252,0.348375299832051
21611,0.108878809776348,0.0676573252553472,0.528283016522714,0.295180848445591
21612,0.585203440388316,0.152662481251331,0.161683931133857,0.100450147226496
21613,0.0973962642342983,0.223385855589908,0.303650206206871,0.375567673968923
21614,0.133111629116465,0.363844614735788,0.267403920621223,0.235639835526525
21615,0.209223265848153,0.350303482328843,0.0628650787642879,0.377608173058716
21616,0.339756949680689,0.0293150221953487,0.491205699963726,0.139722328160236
21617,0.29565123386349,0.290008219943426,0.25745262397788,0.156887922215205
21618,0.192107038036371,0.144476284171179,0.281745386477555,0.381671291314895
21619,0.150346992068534,0.204182063402004,0.153762111246018,0.491708833283444
21620,0.103271854468111,0.652807410535876,0.0938275381003083,0.150093196895705
21621,0.248030673673772,0.288424557104464,0.231244641731833,0.232300127489931
21622,0.158268458711702,0.175560733034156,0.24005956624542,0.426111242008722
21623,0.437408578678732,0.255130458272188,0.0734738025347698,0.23398716051431
21624,0.528291838180189,0.070915720659992,0.0545116800036284,0.34628076115619
21625,0.0598682633963657,0.0662488853222863,0.49919723774356,0.374685613537788
21626,0.504249237677335,0.048713763360001,0.131790070199605,0.315246928763058
21627,0.110507849242553,0.149157633756142,0.289362708021335,0.450971808979971
21628,0.0751568561130343,0.592487885916404,0.162110731169412,0.17024452680115
21629,0.360015058811189,0.141785519077336,0.110471622872416,0.387727799239059
21630,0.204171798006494,0.128681652764474,0.102365925672505,0.564780623556527
21631,0.089254797464729,0.0302459969781873,0.795022758175965,0.0854764473811188
21632,0.0721233883671016,0.133837325907001,0.448650614320343,0.345388671405554
21633,0.186673457211884,0.252578930434601,0.102707904605145,0.45803970774837
21634,0.0663237554964227,0.747734839183063,0.0585110008597206,0.127430404460794
21635,0.0319221225201451,0.706768939648195,0.118062490971728,0.143246446859932
21636,0.555869020665734,0.0621849725546157,0.0741205544716918,0.307825452307959
21637,0.488181955510616,0.218516989329308,0.0413107824858323,0.251990272674244
21638,0.0623630088701443,0.175376221724395,0.53497813289792,0.227282636507541
21639,0.276699681433804,0.416698540416669,0.105973782914129,0.200627995235398
21640,0.655187650551758,0.169459735456114,0.032504192962821,0.142848421029307
21641,0.210587979736572,0.194614080466293,0.384733926999168,0.210064012797968
21642,0.383611415135538,0.282418858635426,0.127911827268751,0.206057898960285
21643,0.0586608178988871,0.267620054225926,0.364495492349254,0.309223635525933
21644,0.310566014083268,0.213715459818263,0.163450139908807,0.312268386189663
21645,0.0860209139071612,0.580660329396545,0.127539972445491,0.205778784250802
21646,0.214485829189961,0.242362579596433,0.375673433584684,0.167478157628921
21647,0.190783011366867,0.173720176065026,0.439727782987009,0.195769029581098
21648,0.32875185274765,0.103981551865357,0.337815510065212,0.22945108532178
21649,0.537882434993494,0.0845696225863474,0.266874527039727,0.110673415380432
21650,0.251458638075461,0.313475900579283,0.214925014946556,0.2201404463987
21651,0.348002844964815,0.0879991200653219,0.198555908029458,0.365442126940405
21652,0.0661801447494125,0.119282579144137,0.180484104453645,0.634053171652806
21653,0.642146155990244,0.115853428350812,0.0816120002920191,0.160388415366924
21654,0.714480570198574,0.0832933006584372,0.0959467277117751,0.106279401431213
21655,0.270321620178449,0.0422736235658736,0.563012136244744,0.124392620010934
21656,0.391670593934207,0.139840001733819,0.27847822737302,0.190011176958953
21657,0.586414625582862,0.0557436929824232,0.100765021568168,0.257076659866547
21658,0.32769262154578,0.117031328670893,0.325078078431391,0.230197971351936
21659,0.587915026045397,0.0864811300886979,0.0730300816634925,0.252573762202413
21660,0.130443860385654,0.100356911223268,0.31230811664168,0.456891111749399
21661,0.102674016298484,0.273628733234164,0.175263905970479,0.448433344496873
21662,0.0425182177108061,0.571975330971637,0.0876643404176892,0.297842110899868
21663,0.115097525103583,0.131339438296294,0.528070939727771,0.225492096872351
21664,0.0567849706747752,0.389543044142107,0.215143163675714,0.338528821507404
21665,0.335186304904065,0.230721278080474,0.174230630640939,0.259861786374523
21666,0.0789827096450928,0.309023478209676,0.314531579964828,0.297462232180404
21667,0.0445068308317308,0.412689478233246,0.322889437273283,0.21991425366174
21668,0.254337318679705,0.243220518474535,0.249628385513852,0.252813777331908
21669,0.331140372644566,0.198787550154497,0.0903552637639288,0.379716813437008
21670,0.144607710680461,0.359173020290254,0.108529499165398,0.387689769863887
21671,0.0788400198844727,0.475276606580401,0.337570869123749,0.108312504411377
21672,0.0632024001436014,0.195558303814096,0.463499596583817,0.277739699458485
21673,0.322104338270875,0.139043470026224,0.0463392348426959,0.492512956860205
21674,0.376169103503412,0.117066662205821,0.310907877310171,0.195856356980595
21675,0.385722534584485,0.128507428683336,0.138756977968354,0.347013058763825
21676,0.0606143608924563,0.601242234090629,0.1171813212155,0.220962083801414
21677,0.420485644442474,0.0524242186252566,0.327813349784186,0.199276787148084
21678,0.0994870942171575,0.602100429139613,0.196417756538499,0.10199472010473
21679,0.178503082299137,0.461780497792138,0.0994583652618124,0.260258054646913
21680,0.231601535614722,0.109768913471369,0.498607425050535,0.160022125863373
21681,0.236858374301279,0.0569970818181265,0.176608277464715,0.529536266415879
21682,0.329252570667021,0.231203707085253,0.0838760746208841,0.355667647626842
21683,0.272538804795452,0.0426629757317168,0.332186418995409,0.352611800477421
21684,0.351457096626503,0.0476001902446552,0.24077616179428,0.360166551334562
21685,0.19168170118592,0.217364441052401,0.096345051254506,0.494608806507173
21686,0.117035377396139,0.417286063980639,0.141662509622484,0.324016049000738
21687,0.173324756229904,0.126703490987035,0.329405141441136,0.370566611341925
21688,0.203236333440151,0.184398297068057,0.0589157838783125,0.55344958561348
21689,0.1248397334991,0.611651762139751,0.0714185844287852,0.192089919932363
21690,0.69166932969398,0.137974844297242,0.0218523036130005,0.148503522395777
21691,0.135707504200954,0.388409660501827,0.0958574100235085,0.38002542527371
21692,0.0270849282485075,0.259067875992674,0.551242942821043,0.162604252937776
21693,0.0584574815597237,0.597874691757256,0.0746787555856077,0.268989071097413
21694,0.135656769176338,0.346492332038264,0.169841723278744,0.348009175506654
21695,0.397792708181601,0.292518947432571,0.113724181871791,0.195964162514037
21696,0.464467696866783,0.131746846918091,0.0396217753192965,0.364163680895829
21697,0.562675816095434,0.12053613078587,0.111634890544406,0.20515316257429
21698,0.109422868443512,0.0381136276316171,0.748116539518101,0.104346964406769
21699,0.181092827257939,0.643289321961851,0.0197443001615334,0.155873550618677
21700,0.249498917244945,0.250192059632297,0.194060265041676,0.306248758081081
21701,0.442214469517211,0.182763578430598,0.159022947116694,0.215999004935497
21702,0.0369978345327614,0.645290557668891,0.0631017695986354,0.254609838199712
21703,0.122749451263828,0.380245097587529,0.0922905845712904,0.404714866577353
21704,0.093025482141166,0.186760163782513,0.440280229489175,0.279934124587146
21705,0.235850697197494,0.0498490493333693,0.350065484529463,0.364234768939673
21706,0.134277319733995,0.459669915251956,0.0967190339321383,0.309333731081911
21707,0.110280384240957,0.472150006231428,0.201020188233987,0.216549421293628
21708,0.0640910594873814,0.436984738694208,0.153886473447617,0.345037728370793
21709,0.333021821989613,0.226618450483074,0.0488061493502549,0.391553578177058
21710,0.331935731769896,0.0811025023619309,0.0809157420189131,0.50604602384926
21711,0.0507928000659758,0.540799638575504,0.179260442347637,0.229147119010884
21712,0.0785847053035284,0.367912538232809,0.100922013067937,0.452580743395725
21713,0.684655489646868,0.0723167046870369,0.0899133062032067,0.153114499462888
21714,0.0406753075443169,0.676714812247865,0.0531596707096957,0.229450209498122
21715,0.561781173753565,0.106399190548871,0.176477997349631,0.155341638347934
21716,0.134632499014221,0.157532573234788,0.226044904935256,0.481790022815735
21717,0.400047343704258,0.034225823822007,0.346221219736813,0.219505612736922
21718,0.374219612766098,0.419795241653662,0.0209338517072408,0.185051293872999
21719,0.222358115788686,0.141138544510223,0.155545613822266,0.480957725878825
21720,0.313318144241467,0.324333308099824,0.0584228094298665,0.303925738228843
21721,0.134642784448636,0.169692242334293,0.380898626354232,0.314766346862839
21722,0.625298208330841,0.146610459954549,0.0326518446296048,0.195439487085005
21723,0.0574120532042188,0.301828167186723,0.257113291594449,0.383646488014609
21724,0.316014491705478,0.204640836405358,0.234559359878405,0.244785312010759
21725,0.0835533336688846,0.163470835028631,0.278115088764148,0.474860742538336
21726,0.036621431297099,0.340453232121509,0.412136969921345,0.210788366660048
21727,0.206283312330566,0.053214567212036,0.550209695214804,0.190292425242593
21728,0.138642806904538,0.141920792417171,0.304762304572363,0.414674096105928
21729,0.291030489286888,0.211654124312634,0.144223821236439,0.353091565164039
21730,0.411959883490608,0.0598862167586506,0.128788426107415,0.399365473643326
21731,0.215598625820524,0.179303765683795,0.414855053872691,0.19024255462299
21732,0.313671875382705,0.181851189726792,0.119028265085311,0.385448669805192
21733,0.515236640679307,0.267121330157035,0.0789806043632336,0.138661424800425
21734,0.0260034780706587,0.619292199611838,0.168612244064783,0.18609207825272
21735,0.241129306834601,0.324099593610708,0.0544308243777462,0.380340275176944
21736,0.749224464135469,0.0614827280584114,0.0669834546503722,0.122309353155748
21737,0.245439652376258,0.0649901891517791,0.509693555974318,0.179876602497645
21738,0.331860140479843,0.235249557302314,0.282173123240134,0.150717178977709
21739,0.105329256358741,0.246422892347844,0.457303992257687,0.190943859035728
21740,0.0450811163222739,0.636191449407863,0.148862997264364,0.169864437005499
21741,0.202779888470523,0.309282129549339,0.15670369140534,0.331234290574798
21742,0.201443351610116,0.0776097901643461,0.325231133793811,0.395715724431727
21743,0.253080702123924,0.336586265761521,0.0504593973750014,0.359873634739554
21744,0.372634624112476,0.100328759600725,0.365829760108506,0.161206856178293
21745,0.216062865194142,0.120909456483584,0.301970420499408,0.361057257822867
21746,0.264800523531735,0.394990984654679,0.0895124582134307,0.250696033600155
21747,0.688680681267081,0.0838030429330054,0.0689081582189341,0.158608117580979
21748,0.369656209123133,0.358039487129968,0.0848820853535108,0.187422218393388
21749,0.0593259073780886,0.368321166654262,0.291317631355425,0.281035294612225
21750,0.0649084876251941,0.0585677486408296,0.466921307522904,0.409602456211073
21751,0.691076095920384,0.0173677231819147,0.200004004407292,0.0915521764904093
21752,0.420508814327519,0.0582738516643944,0.175615386144245,0.345601947863841
21753,0.292497162822858,0.157381199045128,0.232322647221619,0.317798990910396
21754,0.106057274949872,0.478514858534471,0.0995606639773704,0.315867202538286
21755,0.171456367177493,0.230034594013527,0.275974745693746,0.322534293115234
21756,0.0991140766650483,0.354221292966811,0.190256400649658,0.356408229718483
21757,0.157835380289984,0.604855529866443,0.0328588871680187,0.204450202675555
21758,0.246693341709065,0.242457412586289,0.257803884928026,0.253045360776621
21759,0.474633872724041,0.280150566546441,0.114230716838104,0.130984843891414
21760,0.169510259318812,0.091856980381966,0.413254445867871,0.325378314431351
21761,0.15429880703273,0.168669305130757,0.448320085447049,0.228711802389464
21762,0.0404034451235486,0.815520512256296,0.0180979958840792,0.125978046736076
21763,0.535453136270276,0.085921564522747,0.0398998334033327,0.338725465803644
21764,0.262810171914357,0.0476960433167515,0.513838837225154,0.175654947543737
21765,0.499028569160757,0.186122142421713,0.12164517550909,0.193204112908441
21766,0.0987659657412636,0.433003899810928,0.0873995315585242,0.380830602889285
21767,0.115493731903208,0.168922900412432,0.379426659689643,0.336156707994717
21768,0.231783923353245,0.244414765205252,0.358361299527922,0.165440011913581
21769,0.24570673647945,0.243610925965203,0.133764020071745,0.376918317483603
21770,0.0946996384776895,0.424801530551401,0.255490299845618,0.225008531125292
21771,0.0450059311860378,0.180428485126899,0.400050781940912,0.374514801746151
21772,0.206084465759219,0.368177774106924,0.197686425559174,0.228051334574684
21773,0.142705298079526,0.453826329485977,0.0395795111603911,0.363888861274106
21774,0.0600587566175447,0.153603863169192,0.585414968425633,0.200922411787631
21775,0.210778019276273,0.243464237154459,0.230023770584884,0.315733972984384
21776,0.320452225944209,0.270721445730578,0.113584344297943,0.295241984027269
21777,0.0704827471262689,0.0325263561246522,0.643793206401842,0.253197690347237
21778,0.317322677421464,0.109305580976831,0.124402139048444,0.448969602553262
21779,0.220183553966449,0.245757272725257,0.144783194069245,0.389275979239049
21780,0.199544766791424,0.128414351782797,0.372681553520383,0.299359327905396
21781,0.115972748473172,0.0794642408113329,0.531972865527276,0.272590145188219
21782,0.455282300505191,0.0157539960345193,0.347659916079443,0.181303787380847
21783,0.244771046368735,0.0777483699213124,0.261536909616748,0.415943674093204
21784,0.597148454426526,0.16624097803016,0.0526436946848172,0.183966872858496
21785,0.121715233514189,0.561082745055921,0.231573678632042,0.0856283427978471
21786,0.106299650805662,0.0720973911992017,0.259718307211317,0.56188465078382
21787,0.0675377034366261,0.594991369065498,0.0705092540380099,0.266961673459866
21788,0.254623521471717,0.344693733742631,0.0629311832670719,0.33775156151858
21789,0.108949596593976,0.218888697504984,0.252578533640068,0.419583172260972
21790,0.54274906104158,0.110766197745669,0.0787930861087063,0.267691655104045
21791,0.328593688563153,0.144504259297609,0.163286795723561,0.363615256415677
21792,0.0713545904427002,0.339595259534657,0.324656430247214,0.264393719775429
21793,0.118052723866658,0.198367801229259,0.498596317007573,0.18498315789651
21794,0.0315143545075859,0.566113223665013,0.19928749744729,0.203084924380112
21795,0.21430667498881,0.0210154437341983,0.559979490142803,0.204698391134188
21796,0.292294474277491,0.205543235604364,0.192989770566815,0.309172519551331
21797,0.347764046299624,0.295115862858718,0.127751426340293,0.229368664501365
21798,0.470124706959683,0.0495354545038666,0.277616079280231,0.202723759256219
21799,0.0753703885588234,0.0648893769874419,0.249259011595611,0.610481222858124
21800,0.0890972331615572,0.109702435029206,0.267179932571413,0.534020399237823
21801,0.201163349370334,0.194466517981307,0.162578381042799,0.44179175160556
21802,0.0699518674652602,0.215468198343044,0.317767065199002,0.396812868992693
21803,0.0996267038183461,0.120131124279127,0.580733787346101,0.199508384556426
21804,0.21904179979416,0.458950780928306,0.13431053247166,0.187696886805875
21805,0.506604384047439,0.0737777930628542,0.0980722914855639,0.321545531404143
21806,0.128069361553711,0.322882614429468,0.191637375978411,0.357410648038409
21807,0.207191899226969,0.316363095508225,0.188117294595413,0.288327710669393
21808,0.263025972231714,0.102844933238058,0.178118080715852,0.456011013814376
21809,0.557557229712555,0.0493755169581455,0.08432629968544,0.308740953643859
21810,0.808308280632617,0.0289976969794308,0.0815142028689996,0.0811798195189522
21811,0.370804970022405,0.373130799825953,0.167765147657479,0.0882990824941627
21812,0.164204673017252,0.056911392794727,0.455271811244287,0.323612122943734
21813,0.247762809517091,0.448515915018385,0.0671318504604408,0.236589425004083
21814,0.126999856706519,0.17769737192152,0.433524038203297,0.261778733168663
21815,0.304644162764627,0.0451054335728167,0.256038462979539,0.394211940683016
21816,0.286158745312826,0.444475975141991,0.0807181838346465,0.188647095710537
21817,0.0441449591646078,0.0628003673095699,0.679056656981764,0.213998016544059
21818,0.0822911490275126,0.0728134174798058,0.426175291490562,0.41872014200212
21819,0.272338814035579,0.164057175924136,0.112217486620209,0.451386523420076
21820,0.73889223829023,0.0661517526259385,0.0646760561713949,0.130279952912437
21821,0.108789757174629,0.0640885540134945,0.639302054302046,0.187819634509831
21822,0.485353053636581,0.350851063459282,0.0511701111370417,0.112625771767096
21823,0.191059927206492,0.365359913307996,0.186336351518856,0.257243807966656
21824,0.146589008583292,0.422638016342241,0.293604417175819,0.137168557898648
21825,0.0624580126925421,0.363157759255003,0.126235804152627,0.448148423899828
21826,0.336566410009043,0.256489417253987,0.280177470865676,0.126766701871294
21827,0.0389541329794529,0.042520971498806,0.787647222457129,0.130877673064612
21828,0.0797296505278479,0.40933685293106,0.16098182508967,0.349951671451422
21829,0.0801355278904803,0.0812455841730915,0.582162655325725,0.256456232610703
21830,0.0695222091563448,0.0583517902906745,0.530601527288786,0.341524473264195
21831,0.257606601859452,0.25706076824823,0.175595635048353,0.309736994843965
21832,0.245632740859758,0.302984201255905,0.055689541617706,0.395693516266631
21833,0.614219021299514,0.062493770959696,0.144244593775521,0.179042613965268
21834,0.658656092827206,0.106539180765979,0.07131181234266,0.163492914064155
21835,0.152570440308494,0.344372135931011,0.100760748062747,0.402296675697748
21836,0.0719425600114137,0.142427274826302,0.491242423787191,0.294387741375094
21837,0.121898192873453,0.0559708235074316,0.469577402590492,0.352553581028623
21838,0.24912819537696,0.0671752756974553,0.442981681910605,0.24071484701498
21839,0.139796967466038,0.426156050887888,0.19515139090044,0.238895590745634
21840,0.714272827713859,0.0234850608300378,0.109052692659723,0.153189418796381
21841,0.496116622225577,0.129070777259042,0.0905615511802334,0.284251049335148
21842,0.0402409046058977,0.234924798847579,0.501494021453042,0.223340275093481
21843,0.512856418218945,0.106833848272354,0.0785604768452401,0.30174925666346
21844,0.0483755336462075,0.478452378776471,0.129596557669965,0.343575529907357
21845,0.277487823860895,0.127790794857769,0.282848447473704,0.311872933807632
21846,0.0879201575960896,0.387450312787568,0.153327027069967,0.371302502546376
21847,0.269506984835939,0.104847477317967,0.426602528867628,0.199043008978467
21848,0.114369896201625,0.138650388842717,0.0711284856515892,0.675851229304068
21849,0.640338224768799,0.190444280708176,0.0323553875044458,0.136862107018579
21850,0.44973578790924,0.0798218788416369,0.0807309884988784,0.389711344750244
21851,0.143709916654097,0.566997934973285,0.0763872614651417,0.212904886907476
21852,0.364077422775069,0.1091269110659,0.262493340311917,0.264302325847114
21853,0.0667911772124334,0.1131835366364,0.515871212842593,0.304154073308574
21854,0.320064632951893,0.123131398091846,0.162168008367215,0.394635960589046
21855,0.162294462342186,0.476099655353858,0.132265153680175,0.229340728623781
21856,0.50779571774686,0.0980940617597421,0.267462865777702,0.126647354715696
21857,0.106026850921229,0.669228883184727,0.0470844394490519,0.177659826444993
21858,0.46154818259137,0.0711748061111597,0.0668457395103925,0.400431271787078
21859,0.503353047130718,0.0964976797822701,0.109934543061738,0.290214730025274
21860,0.608477254102456,0.211133561146729,0.0504185401746246,0.12997064457619
21861,0.242780969755184,0.103027601643807,0.499909508826827,0.154281919774183
21862,0.0360112238634281,0.379261127945972,0.358726325436306,0.226001322754294
21863,0.0881140875228042,0.277249168102984,0.228453877651548,0.406182866722664
21864,0.351256671399393,0.465797175290047,0.0252673588834187,0.157678794427141
21865,0.129797666605587,0.281415422026521,0.449533568222892,0.139253343145
21866,0.157162156387039,0.121631215286629,0.502382600098867,0.218824028227464
21867,0.111357287622793,0.151397943484771,0.276896884445833,0.460347884446602
21868,0.15726675525574,0.0935753800315201,0.53818389868109,0.210973966031651
21869,0.362890958107314,0.0766683288915071,0.186505050489836,0.373935662511342
21870,0.277171215330525,0.174960618140584,0.25320858960235,0.29465957692654
21871,0.596751681598039,0.091400747039895,0.0432744181535861,0.26857315320848
21872,0.0411203075970287,0.385557546732763,0.381758906677521,0.191563238992687
21873,0.367180201981032,0.285201916661009,0.224987663190781,0.122630218167178
21874,0.110342528364881,0.604360314141835,0.0933491125866486,0.191948044906636
21875,0.314438826030128,0.417381033941236,0.0419072527144603,0.226272887314175
21876,0.533903654320283,0.0965066940442553,0.161630505235029,0.207959146400432
21877,0.0985886859875384,0.349232591991026,0.17406159743725,0.378117124584186
21878,0.363216172365767,0.486458481211243,0.0410872761954996,0.10923807022749
21879,0.406464902944507,0.283979393403342,0.0709441509951184,0.238611552657032
21880,0.362252757414229,0.119163553804061,0.321515854235905,0.197067834545805
21881,0.190374937546369,0.275356575186611,0.247703123178325,0.286565364088695
21882,0.202637146080598,0.241800960978679,0.240421309130603,0.31514058381012
21883,0.0894618564809733,0.314237328100379,0.285969560480933,0.310331254937714
21884,0.182930074300759,0.495415664815245,0.0277849883890125,0.293869272494983
21885,0.105444850667106,0.409976622280029,0.049882757126136,0.434695769926729
21886,0.24358073089703,0.287093820365525,0.147256617848756,0.322068830888689
21887,0.244008876375638,0.0788836792442362,0.349674693352858,0.327432751027268
21888,0.0499439769465099,0.300701076590288,0.411566548462366,0.237788398000836
21889,0.150773546985392,0.34154838030289,0.30037340066807,0.207304672043648
21890,0.203839575920599,0.230957813940557,0.204734103876234,0.360468506262611
21891,0.539340554682809,0.0220895907973046,0.3309012349755,0.107668619544387
21892,0.0776212036626708,0.293433603872896,0.0841416574956563,0.544803534968777
21893,0.136974726081838,0.457556633763233,0.103971346681099,0.301497293473831
21894,0.185774538150246,0.082501740775317,0.197788357913588,0.533935363160849
21895,0.0193539958470277,0.03398214897324,0.829734333183741,0.116929521995991
21896,0.366314809316755,0.207026053454693,0.271117912939823,0.155541224288728
21897,0.262778977311051,0.333793786784108,0.243054788248915,0.160372447655926
21898,0.215182337086651,0.265909833892067,0.300737350095506,0.218170478925776
21899,0.309620044139945,0.139419577685228,0.449495291666011,0.101465086508816
21900,0.0673536616793581,0.0635276276217679,0.104074106259558,0.765044604439316
21901,0.153547737995077,0.705214794362098,0.0163255644570541,0.124911903185771
21902,0.0622450220482102,0.166089499351344,0.599352951600789,0.172312526999657
21903,0.0654100112007796,0.10629810497252,0.542924808652356,0.285367075174344
21904,0.308077215223413,0.0951024424666119,0.240234033410929,0.356586308899046
21905,0.0215081302542152,0.549042061676114,0.19923409181374,0.23021571625593
21906,0.134753977707197,0.188523316831069,0.135596990434437,0.541125715027297
21907,0.0619030398223268,0.417460886406571,0.185082910534727,0.335553163236375
21908,0.293512946490992,0.173831816619499,0.296171848750543,0.236483388138967
21909,0.300341665559499,0.100864175361038,0.311915287289411,0.286878871790052
21910,0.428227843600675,0.119208294816371,0.132553069731899,0.320010791851056
21911,0.15665107676218,0.592296125054263,0.0715446873620876,0.179508110821469
21912,0.19653690292243,0.468632917502469,0.0404768365139153,0.294353343061185
21913,0.115311315009359,0.556601081172452,0.104875818422169,0.22321178539602
21914,0.134326197307532,0.118815679613046,0.185713393789792,0.561144729289631
21915,0.318144232742035,0.0620903619379957,0.275483023691196,0.344282381628773
21916,0.0616679375331196,0.0984392569481091,0.232411753915427,0.607481051603344
21917,0.181750856577378,0.126756571363255,0.257751905298086,0.433740666761281
21918,0.0561003956610364,0.054942070333374,0.734195408766722,0.154762125238867
21919,0.139805726988172,0.0501036725509597,0.594414714989285,0.215675885471583
21920,0.273368463997233,0.111851328707996,0.140857320724655,0.473922886570116
21921,0.154726426196402,0.548646874956512,0.112591263233346,0.18403543561374
21922,0.47493795770905,0.187542442821817,0.0550547171911386,0.282464882277994
21923,0.253951882833324,0.100506464721429,0.233407579261981,0.412134073183266
21924,0.22546304184696,0.103948444030529,0.256159748250987,0.414428765871523
21925,0.463687304458876,0.0916804845859311,0.200916161828036,0.243716049127156
21926,0.416240770597337,0.1035525791193,0.124388443631601,0.355818206651762
21927,0.124224386990732,0.129138965492124,0.591600974268875,0.155035673248269
21928,0.104244750467734,0.622883276830995,0.0439824540031339,0.228889518698137
21929,0.127904372648957,0.142051901447157,0.200868486406198,0.529175239497688
21930,0.0363766730976722,0.418115307106156,0.298001838741251,0.247506181054921
21931,0.220434491193578,0.494132478456364,0.0922823163682181,0.19315071398184
21932,0.116620060094133,0.0650136468796301,0.554626321621958,0.263739971404279
21933,0.108740990953478,0.536448723445021,0.0772498500097791,0.277560435591721
21934,0.121153282232599,0.442576914193422,0.192981527019907,0.243288276554072
21935,0.207127593367048,0.284157508742589,0.184251419928954,0.32446347796141
21936,0.218333124487865,0.367251944049743,0.173529201184444,0.240885730277947
21937,0.0622733402032747,0.128729337582485,0.580104964614391,0.228892357599849
21938,0.039892102801541,0.493981161888719,0.211615429365553,0.254511305944187
21939,0.080311415393896,0.435269815832222,0.138145545961642,0.34627322281224
21940,0.473829594082645,0.225674315850053,0.122767270238891,0.17772881982841
21941,0.175293508171625,0.0965241338128803,0.272940223969972,0.455242134045523
21942,0.112027694335425,0.72684605332702,0.0870775840457189,0.0740486682918363
21943,0.0963377746955401,0.409258589503183,0.086693970929994,0.407709664871283
21944,0.0585431520963132,0.390359042039655,0.324411460696424,0.226686345167608
21945,0.179854944975767,0.318917916156981,0.0841022896006298,0.417124849266623
21946,0.511361581673745,0.163434943391017,0.0906072246841406,0.234596250251098
21947,0.448537214197408,0.176467305491771,0.13589591005168,0.23909957025914
21948,0.108408783857059,0.405122989186029,0.253671381022145,0.232796845934767
21949,0.148490000791296,0.280481364102264,0.135521693513599,0.435506941592841
21950,0.206863653584541,0.430974849767804,0.107480298911292,0.254681197736364
21951,0.170300353563421,0.215242946503569,0.33545631669497,0.279000383238041
21952,0.332810208457753,0.0690787789908101,0.0902936969420243,0.507817315609413
21953,0.479575845527607,0.20681368697623,0.0834801857569848,0.230130281739178
21954,0.217333986104492,0.108490233804995,0.142665152971133,0.531510627119379
21955,0.394349971359417,0.076858627597422,0.263443062104024,0.265348338939137
21956,0.0614278457516849,0.125046576073983,0.217568452225038,0.595957125949294
21957,0.438576165229107,0.112739911631842,0.183115673764341,0.26556824937471
21958,0.0282559699955282,0.701276398142577,0.108692641159134,0.16177499070276
21959,0.123180682405133,0.119537626003667,0.119612089151366,0.637669602439834
21960,0.16220842463103,0.558970369584326,0.0441558292235444,0.2346653765611
21961,0.224720292823064,0.184752503191425,0.30445896741252,0.286068236572992
21962,0.743740252813914,0.0812918441135063,0.0481711558298775,0.126796747242702
21963,0.106942773141357,0.395976080030616,0.308323933660813,0.188757213167214
21964,0.139519614391345,0.0210560859943484,0.69661380671618,0.142810492898127
21965,0.146714940744937,0.0747440329085614,0.389993959101097,0.388547067245404
21966,0.139753455056156,0.0809562739319197,0.403374858016372,0.375915412995553
21967,0.497987686841752,0.0291198726651811,0.238521773501795,0.234370666991272
21968,0.179936105293851,0.571737130103753,0.0619585112794537,0.186368253322943
21969,0.0483159577890002,0.237147939414547,0.313196757608159,0.401339345188294
21970,0.154915758833494,0.235698820511629,0.209660968549097,0.39972445210578
21971,0.321728188836995,0.282577224103649,0.300063244084892,0.0956313429744634
21972,0.376102071867387,0.190980197833434,0.209686964771213,0.223230765527966
21973,0.397334886611047,0.180786874511446,0.0527327136209362,0.369145525256571
21974,0.473059765066382,0.204504090941234,0.0706809933630872,0.251755150629297
21975,0.0961651851064072,0.156147099558916,0.385806864001831,0.361880851332846
21976,0.404926080639163,0.283883005068602,0.231971070554966,0.0792198437372695
21977,0.210066354552374,0.325966215282306,0.252465710676052,0.211501719489269
21978,0.267247479285968,0.0742924331573592,0.312977890843652,0.345482196713021
21979,0.37257196006627,0.230466773460552,0.0961253615584094,0.300835904914769
21980,0.110484697115351,0.579814473395432,0.101600795041283,0.208100034447934
21981,0.130948438483423,0.486333489578001,0.205379773345235,0.177338298593341
21982,0.234840651510728,0.265183112827037,0.243944051151601,0.256032184510634
21983,0.0949379188733836,0.105772956168376,0.334864066198809,0.464425058759432
21984,0.102674016298484,0.273628733234164,0.175263905970479,0.448433344496873
21985,0.0425182177108061,0.571975330971637,0.0876643404176892,0.297842110899868
21986,0.115097525103583,0.131339438296294,0.528070939727771,0.225492096872351
21987,0.0567849706747752,0.389543044142107,0.215143163675714,0.338528821507404
21988,0.335186304904065,0.230721278080474,0.174230630640939,0.259861786374523
21989,0.0789827096450928,0.309023478209676,0.314531579964828,0.297462232180404
21990,0.0445068308317308,0.412689478233246,0.322889437273283,0.21991425366174
21991,0.254337318679705,0.243220518474535,0.249628385513852,0.252813777331908
21992,0.331140372644566,0.198787550154497,0.0903552637639288,0.379716813437008
21993,0.144607710680461,0.359173020290254,0.108529499165398,0.387689769863887
21994,0.0788400198844727,0.475276606580401,0.337570869123749,0.108312504411377
21995,0.0632024001436014,0.195558303814096,0.463499596583817,0.277739699458485
21996,0.322104338270875,0.139043470026224,0.0463392348426959,0.492512956860205
21997,0.376169103503412,0.117066662205821,0.310907877310171,0.195856356980595
21998,0.385722534584485,0.128507428683336,0.138756977968354,0.347013058763825
21999,0.0606143608924563,0.601242234090629,0.1171813212155,0.220962083801414
22000,0.420485644442474,0.0524242186252566,0.327813349784186,0.199276787148084
22001,0.0994870942171575,0.602100429139613,0.196417756538499,0.10199472010473
22002,0.178503082299137,0.461780497792138,0.0994583652618124,0.260258054646913
22003,0.0759047824355738,0.168549894990855,0.531058542112766,0.224486780460806
22004,0.521542003029432,0.0997878934434956,0.07798597197361,0.300684131553463
22005,0.381799902088327,0.127271010979878,0.162377628640711,0.328551458291084
22006,0.0802978886752996,0.260995858292677,0.222830393383021,0.435875859649003
22007,0.244314202694439,0.42557491908443,0.144563402793446,0.185547475427684
22008,0.0688315146050854,0.161499366342362,0.475183704345025,0.294485414707528
22009,0.362996131147307,0.124234040507689,0.144794082572638,0.367975745772367
22010,0.144037739026893,0.485818539885646,0.0667562007864956,0.303387520300966
22011,0.100662752705142,0.413236188479698,0.1725725042651,0.31352855455006
22012,0.308258511259334,0.129870131625503,0.155705703169888,0.406165653945275
22013,0.378440694985485,0.131723118799759,0.302232603603029,0.187603582611727
22014,0.114551644431849,0.0759439703311412,0.609601763015321,0.199902622221689
22015,0.118252012511001,0.107035828004162,0.364908991446275,0.409803168038563
22016,0.0746987572882787,0.457802444265346,0.0812330558262266,0.386265742620149
22017,0.0656002075469444,0.740393836501709,0.0295626918661275,0.164443264085219
22018,0.309624318637765,0.15190160213273,0.286334110154351,0.252139969075154
22019,0.227044159501362,0.138542061866022,0.28350918563808,0.350904592994535
22020,0.196643584678577,0.129076366731984,0.337285775374193,0.336994273215246
22021,0.0683433421519768,0.309038702038019,0.326984614526909,0.295633341283095
22022,0.523654242330101,0.0598948857535124,0.164222236185545,0.252228635730841
22023,0.424713176270248,0.0621216318042354,0.286279542930644,0.226885648994872
22024,0.320654210240707,0.0956686897097397,0.195279780798886,0.388397319250667
22025,0.452052122418226,0.202306098207507,0.0720254335689309,0.273616345805336
22026,0.655096159638793,0.100398679232573,0.0529017050828209,0.191603456045813
22027,0.248025115449516,0.305656011869757,0.122481566967477,0.323837305713251
22028,0.423592564307058,0.115242179728929,0.0486251851284432,0.412540070835569
22029,0.0808307117491941,0.117214871432836,0.105315810299402,0.696638606518568
22030,0.54817741243957,0.0228449198263453,0.285040147738717,0.143937519995368
22031,0.240785408108664,0.210465805629904,0.123759697093473,0.42498908916796
22032,0.1413991678805,0.247852103593421,0.081923963601168,0.528824764924911
22033,0.054992573772051,0.0970497293077855,0.713016977909955,0.134940719010208
22034,0.701457456400055,0.0994427310617594,0.0573450906233362,0.141754721914849
22035,0.260270879170597,0.14010494585832,0.163298417372161,0.436325757598922
22036,0.510097420536507,0.26264213155817,0.101866018654235,0.125394429251087
22037,0.186669711524552,0.185937565177317,0.108576133045153,0.518816590252978
22038,0.143953834675335,0.282588708426004,0.12352288600822,0.44993457089044
22039,0.409126303154034,0.428480634493177,0.0169234601337844,0.145469602219005
22040,0.18258446180258,0.35001901650488,0.225384345540377,0.242012176152163
22041,0.14826930498567,0.0583942654575987,0.503597826176213,0.289738603380519
22042,0.222456238925853,0.207970440660468,0.232456134663697,0.337117185749981
22043,0.132813298855279,0.54354609057728,0.0845226968626702,0.239117913704771
22044,0.0762139475448455,0.105693992690096,0.318237493265916,0.499854566499143
22045,0.142083919022651,0.335369229349333,0.0825939250372774,0.439952926590738
22046,0.195472287227643,0.219173577596151,0.211187801011347,0.374166334164859
22047,0.159360856739394,0.346478971086889,0.0528982567179823,0.441261915455735
22048,0.0948855543356571,0.707692673584398,0.0184919741475534,0.178929797932391
22049,0.185174496676663,0.50086398040147,0.0535818583332548,0.260379664588613
22050,0.324923767410043,0.243525155560024,0.335751912159805,0.0957991648701288
22051,0.0504897258906649,0.0662128853105567,0.583184024474104,0.300113364324675
22052,0.221167598251727,0.413317866731901,0.17162550674151,0.193889028274862
22053,0.0314918146719046,0.709184659447853,0.112294327309663,0.147029198570579
22054,0.0833207494007884,0.054293887685434,0.628778240509072,0.233607122404706
22055,0.224079363395552,0.119180937616884,0.450841780455613,0.20589791853195
22056,0.212067693620724,0.0459241316896801,0.487654711548867,0.254353463140728
22057,0.214982417791077,0.232197442316032,0.206649201674088,0.346170938218803
22058,0.326455039516847,0.493767533780588,0.0609556640089598,0.118821762693605
22059,0.151324962582214,0.467241214931095,0.0904018966802515,0.291031925806439
22060,0.212114637181793,0.212543105191336,0.12015907042286,0.455183187204011
22061,0.164461680724578,0.193601318868974,0.36199875856344,0.279938241843008
22062,0.164768199112005,0.301296203183444,0.36036598875637,0.17356960894818
22063,0.0181074587459308,0.62176415278706,0.204192857424432,0.155935531042577
22064,0.434920279039543,0.232391677639598,0.139720333658984,0.192967709661875
22065,0.147497917125517,0.175083206722407,0.41321041387441,0.264208462277667
22066,0.442217825149313,0.16245136458706,0.150540898079121,0.244789912184507
22067,0.382072923613601,0.220892653545574,0.0439093992503325,0.353125023590493
22068,0.147302698162562,0.734850626811206,0.0181909358959767,0.099655739130256
22069,0.0545440764184696,0.583424155136793,0.107376846984928,0.254654921459809
22070,0.402944330894538,0.053251802930294,0.168225516091927,0.375578350083241
22071,0.396993345720256,0.15531049786554,0.111010977362785,0.336685179051418
22072,0.0256258267752454,0.54485042090316,0.309261679946436,0.120262072375158
22073,0.22839574744593,0.159323059675584,0.287578938258224,0.324702254620261
22074,0.0433828920413874,0.639224904486536,0.141930459566285,0.175461743905792
22075,0.101333807965705,0.350172277148475,0.248647609537638,0.299846305348182
