"","Ch1","Ch2","Ch3","Ch4","No"
"1",0.046,0.854,0.07,0.03,1
"2",0.746,0.084,0.04,0.13,2
"3",0.09,0.67,0.036,0.204,3
"4",0.112,0.656,0.03,0.202,4
"5",0.052,0.678,0.236,0.034,5
"6",0.684,0.116,0.062,0.138,6
"7",0.064,0.856,0.018,0.062,7
"8",0.184,0.676,0.038,0.102,8
"9",0.034,0.742,0.042,0.182,9
"10",0.062,0.704,0.03,0.204,10
"11",0.064,0.752,0.056,0.128,11
"12",0.052,0.692,0.158,0.098,12
"13",0.034,0.692,0.108,0.166,13
"14",0.118,0.248,0.086,0.548,14
"15",0.038,0.834,0.042,0.086,15
"16",0.162,0.108,0.124,0.606,16
"17",0.036,0.728,0.036,0.2,17
"18",0.038,0.844,0.036,0.082,18
"19",0.046,0.766,0.076,0.112,19
"20",0.1,0.792,0.042,0.066,20
"21",0.362,0.23,0.104,0.304,21
"22",0.074,0.07,0.076,0.78,22
"23",0.036,0.224,0.686,0.054,23
"24",0.038,0.126,0.1,0.736,24
"25",0.042,0.102,0.748,0.108,25
"26",0.132,0.064,0.16,0.644,26
"27",0.198,0.096,0.558,0.148,27
"28",0.04,0.052,0.16,0.748,28
"29",0.05,0.102,0.73,0.118,29
"30",0.124,0.108,0.042,0.726,30
"31",0.02,0.042,0.148,0.79,31
"32",0.04,0.1,0.092,0.768,32
"33",0.084,0.044,0.066,0.806,33
"34",0.062,0.034,0.076,0.828,34
"35",0.2,0.266,0.238,0.296,35
"36",0.1,0.054,0.048,0.798,36
"37",0.726,0.044,0.104,0.126,37
"38",0.048,0.142,0.084,0.726,38
"39",0.062,0.66,0.19,0.088,39
"40",0.128,0.642,0.026,0.204,40
"41",0.64,0.116,0.076,0.168,41
"42",0.148,0.02,0.762,0.07,42
"43",0.858,0.034,0.012,0.096,43
"44",0.078,0.146,0.69,0.086,44
"45",0.172,0.092,0.49,0.246,45
"46",0.038,0.696,0.184,0.082,46
"47",0.374,0.164,0.322,0.14,47
"48",0.678,0.194,0.062,0.066,48
"49",0.016,0.774,0.166,0.044,49
"50",0.068,0.87,0.014,0.048,50
"51",0.106,0.026,0.814,0.054,51
"52",0.026,0.904,0.018,0.052,52
"53",0.136,0.03,0.072,0.762,53
"54",0.724,0.068,0.064,0.144,54
"55",0.024,0.11,0.788,0.078,55
"56",0.184,0.28,0.08,0.456,56
"57",0.022,0.156,0.138,0.684,57
"58",0.032,0.076,0.764,0.128,58
"59",0.094,0.144,0.03,0.732,59
"60",0.046,0.694,0.108,0.152,60
"61",0.138,0.378,0.2,0.284,61
"62",0.056,0.042,0.782,0.12,62
"63",0.086,0.112,0.06,0.742,63
"64",0.048,0.74,0.052,0.16,64
"65",0.052,0.038,0.776,0.134,65
"66",0.042,0.088,0.088,0.782,66
"67",0.74,0.074,0.064,0.122,67
"68",0.762,0.068,0.046,0.124,68
"69",0.028,0.124,0.732,0.116,69
"70",0.026,0.064,0.796,0.114,70
"71",0.04,0.802,0.042,0.116,71
"72",0.098,0.328,0.342,0.232,72
"73",0.038,0.726,0.078,0.158,73
"74",0.068,0.754,0.036,0.142,74
"75",0.06,0.06,0.76,0.12,75
"76",0.07,0.02,0.758,0.152,76
"77",0.048,0.03,0.728,0.194,77
"78",0.664,0.048,0.13,0.158,78
"79",0.102,0.122,0.354,0.422,79
"80",0.726,0.082,0.04,0.152,80
"81",0.024,0.796,0.04,0.14,81
"82",0.02,0.122,0.056,0.802,82
"83",0.068,0.046,0.194,0.692,83
"84",0.042,0.82,0.04,0.098,84
"85",0.078,0.674,0.114,0.134,85
"86",0.69,0.09,0.036,0.184,86
"87",0.094,0.04,0.182,0.684,87
"88",0.102,0.052,0.724,0.122,88
"89",0.298,0.148,0.084,0.47,89
"90",0.232,0.232,0.234,0.302,90
"91",0.07,0.732,0.032,0.166,91
"92",0.044,0.746,0.05,0.16,92
"93",0.03,0.094,0.794,0.082,93
"94",0.756,0.066,0.024,0.154,94
"95",0.1,0.072,0.058,0.77,95
"96",0.772,0.03,0.072,0.126,96
"97",0.142,0.044,0.688,0.126,97
"98",0.046,0.666,0.186,0.102,98
"99",0.108,0.622,0.106,0.164,99
"100",0.026,0.08,0.82,0.074,100
"101",0.036,0.742,0.078,0.144,101
"102",0.028,0.71,0.14,0.122,102
"103",0.138,0.068,0.078,0.716,103
"104",0.032,0.118,0.118,0.732,104
"105",0.742,0.03,0.092,0.136,105
"106",0.062,0.864,0.026,0.048,106
"107",0.052,0.13,0.676,0.142,107
"108",0.672,0.208,0.064,0.056,108
"109",0.294,0.106,0.212,0.388,109
"110",0.06,0.032,0.818,0.09,110
"111",0.71,0.062,0.052,0.176,111
"112",0.122,0.664,0.184,0.03,112
"113",0.386,0.154,0.204,0.256,113
"114",0.04,0.908,0.02,0.032,114
"115",0.09,0.188,0.444,0.278,115
"116",0.774,0.104,0.026,0.096,116
"117",0.114,0.042,0.74,0.104,117
"118",0.038,0.788,0.132,0.042,118
"119",0.772,0.078,0.066,0.084,119
"120",0.022,0.786,0.166,0.026,120
"121",0.716,0.13,0.048,0.106,121
"122",0.268,0.388,0.122,0.222,122
"123",0.09,0.8,0.028,0.082,123
"124",0.088,0.124,0.688,0.1,124
"125",0.052,0.772,0.034,0.142,125
"126",0.154,0.272,0.152,0.422,126
"127",0.838,0.032,0.058,0.072,127
"128",0.04,0.86,0.044,0.056,128
"129",0.22,0.496,0.124,0.16,129
"130",0.768,0.078,0.024,0.13,130
"131",0.12,0.08,0.666,0.134,131
"132",0.046,0.8,0.022,0.132,132
"133",0.026,0.036,0.924,0.014,133
"134",0.784,0.06,0.046,0.11,134
"135",0.364,0.17,0.214,0.252,135
"136",0.716,0.082,0.038,0.164,136
"137",0.066,0.074,0.782,0.078,137
"138",0.748,0.074,0.064,0.114,138
"139",0.102,0.052,0.798,0.048,139
"140",0.106,0.16,0.276,0.458,140
"141",0.032,0.064,0.804,0.1,141
"142",0.098,0.082,0.556,0.264,142
"143",0.13,0.066,0.064,0.74,143
"144",0.058,0.138,0.12,0.684,144
"145",0.054,0.182,0.054,0.71,145
"146",0.042,0.146,0.09,0.722,146
"147",0.046,0.114,0.106,0.734,147
"148",0.07,0.124,0.088,0.718,148
"149",0.172,0.36,0.3,0.168,149
"150",0.048,0.722,0.146,0.084,150
"151",0.078,0.124,0.67,0.128,151
"152",0.672,0.1,0.124,0.104,152
"153",0.688,0.116,0.034,0.162,153
"154",0.048,0.066,0.798,0.088,154
"155",0.014,0.132,0.794,0.06,155
"156",0.016,0.894,0.032,0.058,156
"157",0.714,0.072,0.138,0.076,157
"158",0.024,0.05,0.846,0.08,158
"159",0.804,0.044,0.046,0.106,159
"160",0.786,0.076,0.026,0.112,160
"161",0.052,0.896,0.008,0.044,161
"162",0.03,0.762,0.046,0.162,162
"163",0.19,0.02,0.018,0.772,163
"164",0.156,0.072,0.058,0.714,164
"165",0.014,0.812,0.106,0.068,165
"166",0.058,0.05,0.774,0.118,166
"167",0.02,0.848,0.088,0.044,167
"168",0.046,0.168,0.668,0.118,168
"169",0.838,0.024,0.054,0.084,169
"170",0.262,0.128,0.12,0.49,170
"171",0.142,0.064,0.026,0.768,171
"172",0.21,0.246,0.178,0.366,172
"173",0.048,0.838,0.062,0.052,173
"174",0.116,0.226,0.468,0.19,174
"175",0.782,0.092,0.052,0.074,175
"176",0.074,0.108,0.048,0.77,176
"177",0.072,0.08,0.082,0.766,177
"178",0.702,0.1,0.076,0.122,178
"179",0.084,0.072,0.09,0.754,179
"180",0.092,0.074,0.074,0.76,180
"181",0.192,0.178,0.484,0.146,181
"182",0.052,0.074,0.814,0.06,182
"183",0.056,0.864,0.036,0.044,183
"184",0.088,0.372,0.306,0.234,184
"185",0.072,0.088,0.082,0.758,185
"186",0.116,0.784,0.058,0.042,186
"187",0.824,0.07,0.062,0.044,187
"188",0.074,0.756,0.052,0.118,188
"189",0.086,0.05,0.714,0.15,189
"190",0.174,0.268,0.168,0.39,190
"191",0.294,0.134,0.256,0.316,191
"192",0.04,0.116,0.764,0.08,192
"193",0.048,0.162,0.702,0.088,193
"194",0.042,0.7,0.154,0.104,194
"195",0.058,0.118,0.674,0.15,195
"196",0.662,0.222,0.04,0.076,196
"197",0.828,0.104,0.02,0.048,197
"198",0.018,0.33,0.618,0.034,198
"199",0.768,0.028,0.082,0.122,199
"200",0.042,0.646,0.06,0.252,200
"201",0.028,0.81,0.072,0.09,201
"202",0.052,0.026,0.828,0.094,202
"203",0.652,0.058,0.032,0.258,203
"204",0.046,0.022,0.762,0.17,204
"205",0.748,0.02,0.16,0.072,205
"206",0.138,0.11,0.17,0.582,206
"207",0.71,0.112,0.022,0.156,207
"208",0.612,0.274,0.028,0.086,208
"209",0.742,0.032,0.148,0.078,209
"210",0.694,0.074,0.066,0.166,210
"211",0.032,0.786,0.082,0.1,211
"212",0.064,0.056,0.814,0.066,212
"213",0.014,0.1,0.698,0.188,213
"214",0.656,0.178,0.046,0.12,214
"215",0.72,0.04,0.036,0.204,215
"216",0.058,0.036,0.468,0.438,216
"217",0.038,0.044,0.788,0.13,217
"218",0.694,0.058,0.03,0.218,218
"219",0.04,0.746,0.05,0.164,219
"220",0.108,0.682,0.044,0.166,220
"221",0.136,0.028,0.728,0.108,221
"222",0.034,0.012,0.718,0.236,222
"223",0.742,0.044,0.092,0.122,223
"224",0.032,0.064,0.68,0.224,224
"225",0.704,0.048,0.032,0.216,225
"226",0.024,0.052,0.748,0.176,226
"227",0.66,0.18,0.066,0.094,227
"228",0.75,0.064,0.032,0.154,228
"229",0.04,0.192,0.07,0.698,229
"230",0.102,0.154,0.03,0.714,230
"231",0.174,0.052,0.05,0.724,231
"232",0.086,0.128,0.068,0.718,232
"233",0.096,0.034,0.13,0.74,233
"234",0.13,0.026,0.136,0.708,234
"235",0.226,0.022,0.03,0.722,235
"236",0.45,0.126,0.108,0.316,236
"237",0.118,0.084,0.036,0.762,237
"238",0.038,0.038,0.264,0.66,238
"239",0.07,0.032,0.23,0.668,239
"240",0.048,0.198,0.036,0.718,240
"241",0.052,0.022,0.898,0.028,241
"242",0.03,0.018,0.246,0.706,242
"243",0.038,0.244,0.024,0.694,243
"244",0.018,0.024,0.278,0.68,244
"245",0.064,0.214,0.018,0.704,245
"246",0.208,0.032,0.032,0.728,246
"247",0.03,0.9,0.032,0.038,247
"248",0.736,0.038,0.174,0.052,248
"249",0.044,0.116,0.034,0.806,249
"250",0.054,0.048,0.84,0.058,250
"251",0.402,0.21,0.116,0.272,251
"252",0.056,0.122,0.038,0.784,252
"253",0.268,0.21,0.154,0.368,253
"254",0.252,0.392,0.092,0.264,254
"255",0.084,0.234,0.112,0.57,255
"256",0.836,0.052,0.032,0.08,256
"257",0.034,0.04,0.826,0.1,257
"258",0.27,0.078,0.228,0.424,258
"259",0.124,0.766,0.05,0.06,259
"260",0.042,0.046,0.068,0.844,260
"261",0.312,0.164,0.144,0.38,261
"262",0.106,0.174,0.464,0.256,262
"263",0.036,0.822,0.054,0.088,263
"264",0.142,0.094,0.124,0.64,264
"265",0.06,0.036,0.052,0.852,265
"266",0.046,0.068,0.78,0.106,266
"267",0.088,0.144,0.426,0.342,267
"268",0.664,0.256,0.036,0.044,268
"269",0.036,0.264,0.666,0.034,269
"270",0.118,0.278,0.118,0.486,270
"271",0.652,0.302,0.016,0.03,271
"272",0.676,0.06,0.064,0.2,272
"273",0.032,0.028,0.746,0.194,273
"274",0.034,0.74,0.022,0.204,274
"275",0.024,0.094,0.02,0.862,275
"276",0.05,0.894,0.018,0.038,276
"277",0.052,0.748,0.03,0.17,277
"278",0.038,0.876,0.034,0.052,278
"279",0.026,0.92,0.022,0.032,279
"280",0.2,0.158,0.118,0.524,280
"281",0.736,0.058,0.034,0.172,281
"282",0.042,0.03,0.772,0.156,282
"283",0.716,0.052,0.032,0.2,283
"284",0.052,0.018,0.206,0.724,284
"285",0.066,0.048,0.042,0.844,285
"286",0.07,0.828,0.024,0.078,286
"287",0.054,0.018,0.772,0.156,287
"288",0.088,0.07,0.718,0.124,288
"289",0.126,0.04,0.012,0.822,289
"290",0.114,0.472,0.122,0.292,290
"291",0.104,0.072,0.52,0.304,291
"292",0.04,0.722,0.04,0.198,292
"293",0.13,0.072,0.056,0.742,293
"294",0.116,0.116,0.044,0.724,294
"295",0.344,0.186,0.156,0.314,295
"296",0.056,0.088,0.06,0.796,296
"297",0.148,0.036,0.048,0.768,297
"298",0.782,0.074,0.034,0.11,298
"299",0.03,0.818,0.066,0.086,299
"300",0.034,0.812,0.044,0.11,300
"301",0.238,0.192,0.292,0.278,301
"302",0.144,0.318,0.134,0.404,302
"303",0.058,0.804,0.026,0.112,303
"304",0.34,0.088,0.226,0.346,304
"305",0.118,0.222,0.278,0.382,305
"306",0.02,0.146,0.732,0.102,306
"307",0.138,0.154,0.668,0.04,307
"308",0.176,0.672,0.016,0.136,308
"309",0.038,0.688,0.18,0.094,309
"310",0.702,0.066,0.154,0.078,310
"311",0.262,0.056,0.012,0.67,311
"312",0.762,0.06,0.086,0.092,312
"313",0.854,0.052,0.052,0.042,313
"314",0.858,0.052,0.038,0.052,314
"315",0.044,0.692,0.03,0.234,315
"316",0.082,0.666,0.046,0.206,316
"317",0.138,0.758,0.02,0.084,317
"318",0.032,0.902,0.026,0.04,318
"319",0.014,0.204,0.026,0.756,319
"320",0.038,0.83,0.076,0.056,320
"321",0.06,0.04,0.056,0.844,321
"322",0.628,0.176,0.04,0.156,322
"323",0.066,0.104,0.722,0.108,323
"324",0.034,0.788,0.082,0.096,324
"325",0.052,0.054,0.782,0.112,325
"326",0.092,0.08,0.706,0.122,326
"327",0.314,0.268,0.144,0.274,327
"328",0.756,0.104,0.06,0.08,328
"329",0.162,0.17,0.19,0.478,329
"330",0.084,0.122,0.734,0.06,330
"331",0.034,0.076,0.022,0.868,331
"332",0.104,0.044,0.044,0.808,332
"333",0.19,0.308,0.106,0.396,333
"334",0.078,0.036,0.038,0.848,334
"335",0.052,0.038,0.764,0.146,335
"336",0.028,0.076,0.094,0.802,336
"337",0.034,0.03,0.79,0.146,337
"338",0.098,0.104,0.202,0.596,338
"339",0.074,0.764,0.114,0.048,339
"340",0.116,0.23,0.114,0.54,340
"341",0.028,0.042,0.05,0.88,341
"342",0.026,0.058,0.812,0.104,342
"343",0.236,0.416,0.106,0.242,343
"344",0.65,0.034,0.156,0.16,344
"345",0.04,0.026,0.802,0.132,345
"346",0.088,0.03,0.694,0.188,346
"347",0.036,0.762,0.068,0.134,347
"348",0.078,0.084,0.79,0.048,348
"349",0.05,0.724,0.076,0.15,349
"350",0.032,0.034,0.798,0.136,350
"351",0.71,0.114,0.022,0.154,351
"352",0.13,0.774,0.022,0.074,352
"353",0.064,0.048,0.712,0.176,353
"354",0.648,0.266,0.036,0.05,354
"355",0.11,0.712,0.052,0.126,355
"356",0.06,0.764,0.036,0.14,356
"357",0.026,0.798,0.082,0.094,357
"358",0.036,0.778,0.038,0.148,358
"359",0.054,0.702,0.038,0.206,359
"360",0.13,0.502,0.086,0.282,360
"361",0.714,0.108,0.104,0.074,361
"362",0.1,0.1,0.696,0.104,362
"363",0.13,0.112,0.144,0.614,363
"364",0.708,0.024,0.22,0.048,364
"365",0.082,0.084,0.682,0.152,365
"366",0.14,0.28,0.49,0.09,366
"367",0.16,0.198,0.12,0.522,367
"368",0.146,0.682,0.072,0.1,368
"369",0.068,0.04,0.174,0.718,369
"370",0.282,0.166,0.102,0.45,370
"371",0.07,0.132,0.05,0.748,371
"372",0.208,0.042,0.046,0.704,372
"373",0.078,0.068,0.054,0.8,373
"374",0.44,0.166,0.14,0.254,374
"375",0.25,0.12,0.138,0.492,375
"376",0.072,0.068,0.12,0.74,376
"377",0.012,0.154,0.038,0.796,377
"378",0.892,0.04,0.028,0.04,378
"379",0.048,0.034,0.684,0.234,379
"380",0.058,0.858,0.048,0.036,380
"381",0.726,0.132,0.06,0.082,381
"382",0.06,0.078,0.054,0.808,382
"383",0.102,0.03,0.076,0.792,383
"384",0.036,0.02,0.906,0.038,384
"385",0.31,0.302,0.12,0.268,385
"386",0.05,0.844,0.034,0.072,386
"387",0.818,0.056,0.032,0.094,387
"388",0.73,0.122,0.028,0.12,388
"389",0.126,0.06,0.054,0.76,389
"390",0.038,0.806,0.052,0.104,390
"391",0.068,0.068,0.044,0.82,391
"392",0.11,0.032,0.808,0.05,392
"393",0.068,0.818,0.038,0.076,393
"394",0.112,0.03,0.028,0.83,394
"395",0.246,0.386,0.124,0.244,395
"396",0.052,0.762,0.042,0.144,396
"397",0.048,0.84,0.036,0.076,397
"398",0.086,0.126,0.61,0.178,398
"399",0.676,0.2,0.054,0.07,399
"400",0.028,0.148,0.032,0.792,400
"401",0.192,0.294,0.282,0.232,401
"402",0.224,0.084,0.422,0.27,402
"403",0.072,0.442,0.08,0.406,403
"404",0.058,0.042,0.162,0.738,404
"405",0.016,0.152,0.062,0.77,405
"406",0.036,0.088,0.202,0.674,406
"407",0.276,0.324,0.05,0.35,407
"408",0.028,0.06,0.216,0.696,408
"409",0.062,0.128,0.018,0.792,409
"410",0.12,0.142,0.136,0.602,410
"411",0.092,0.352,0.134,0.422,411
"412",0.034,0.13,0.028,0.808,412
"413",0.046,0.046,0.038,0.87,413
"414",0.168,0.438,0.058,0.336,414
"415",0.09,0.054,0.026,0.83,415
"416",0.69,0.054,0.058,0.198,416
"417",0.042,0.094,0.172,0.692,417
"418",0.064,0.376,0.132,0.428,418
"419",0.506,0.106,0.134,0.254,419
"420",0.786,0.054,0.07,0.09,420
"421",0.166,0.088,0.112,0.634,421
"422",0.102,0.23,0.266,0.402,422
"423",0.782,0.04,0.108,0.07,423
"424",0.214,0.654,0.04,0.092,424
"425",0.034,0.046,0.692,0.228,425
"426",0.084,0.694,0.088,0.134,426
"427",0.25,0.536,0.138,0.076,427
"428",0.014,0.048,0.776,0.162,428
"429",0.556,0.068,0.06,0.316,429
"430",0.024,0.032,0.774,0.17,430
"431",0.076,0.628,0.096,0.2,431
"432",0.06,0.028,0.036,0.876,432
"433",0.064,0.786,0.072,0.078,433
"434",0.248,0.676,0.022,0.054,434
"435",0.656,0.03,0.046,0.268,435
"436",0.892,0.074,0.014,0.02,436
"437",0.046,0.736,0.022,0.196,437
"438",0.332,0.096,0.144,0.428,438
"439",0.11,0.116,0.226,0.548,439
"440",0.31,0.14,0.188,0.362,440
"441",0.054,0.84,0.032,0.074,441
"442",0.154,0.326,0.086,0.434,442
"443",0.19,0.24,0.1,0.47,443
"444",0.036,0.022,0.1,0.842,444
"445",0.256,0.092,0.22,0.432,445
"446",0.044,0.02,0.056,0.88,446
"447",0.096,0.098,0.176,0.63,447
"448",0.038,0.034,0.816,0.112,448
"449",0.746,0.034,0.144,0.076,449
"450",0.104,0.072,0.042,0.782,450
"451",0.08,0.672,0.078,0.17,451
"452",0.73,0.114,0.02,0.136,452
"453",0.062,0.06,0.152,0.726,453
"454",0.046,0.028,0.718,0.208,454
"455",0.47,0.158,0.174,0.198,455
"456",0.112,0.04,0.024,0.824,456
"457",0.162,0.05,0.04,0.748,457
"458",0.024,0.104,0.052,0.82,458
"459",0.156,0.032,0.02,0.792,459
"460",0.056,0.034,0.228,0.682,460
"461",0.316,0.244,0.092,0.348,461
"462",0.078,0.178,0.67,0.074,462
"463",0.064,0.1,0.07,0.766,463
"464",0.052,0.048,0.074,0.826,464
"465",0.748,0.034,0.12,0.098,465
"466",0.04,0.136,0.024,0.8,466
"467",0.026,0.2,0.046,0.728,467
"468",0.1,0.034,0.064,0.802,468
"469",0.028,0.828,0.042,0.102,469
"470",0.046,0.032,0.054,0.868,470
"471",0.064,0.59,0.248,0.098,471
"472",0.046,0.886,0.034,0.034,472
"473",0.852,0.048,0.048,0.052,473
"474",0.042,0.038,0.048,0.872,474
"475",0.034,0.064,0.864,0.038,475
"476",0.078,0.166,0.024,0.732,476
"477",0.034,0.104,0.12,0.742,477
"478",0.348,0.266,0.082,0.304,478
"479",0.062,0.158,0.056,0.724,479
"480",0.082,0.098,0.094,0.726,480
"481",0.044,0.038,0.176,0.742,481
"482",0.044,0.07,0.162,0.724,482
"483",0.054,0.786,0.066,0.094,483
"484",0.058,0.06,0.062,0.82,484
"485",0.126,0.132,0.034,0.708,485
"486",0.03,0.254,0.024,0.692,486
"487",0.07,0.182,0.04,0.708,487
"488",0.284,0.408,0.092,0.216,488
"489",0.186,0.098,0.4,0.316,489
"490",0.074,0.128,0.458,0.34,490
"491",0.046,0.078,0.176,0.7,491
"492",0.418,0.196,0.246,0.14,492
"493",0.074,0.06,0.196,0.67,493
"494",0.798,0.058,0.044,0.1,494
"495",0.316,0.248,0.23,0.206,495
"496",0.062,0.102,0.136,0.7,496
"497",0.094,0.1,0.164,0.642,497
"498",0.196,0.076,0.04,0.688,498
"499",0.154,0.202,0.294,0.35,499
"500",0.084,0.116,0.046,0.754,500
"501",0.088,0.034,0.11,0.768,501
"502",0.094,0.052,0.05,0.804,502
"503",0.158,0.116,0.048,0.678,503
"504",0.062,0.1,0.05,0.788,504
"505",0.11,0.036,0.108,0.746,505
"506",0.236,0.042,0.114,0.608,506
"507",0.098,0.062,0.142,0.698,507
"508",0.2,0.062,0.036,0.702,508
"509",0.036,0.054,0.266,0.644,509
"510",0.054,0.154,0.048,0.744,510
"511",0.196,0.058,0.034,0.712,511
"512",0.052,0.124,0.178,0.646,512
"513",0.08,0.09,0.072,0.758,513
"514",0.04,0.174,0.662,0.124,514
"515",0.226,0.124,0.33,0.32,515
"516",0.686,0.112,0.088,0.114,516
"517",0.046,0.768,0.034,0.152,517
"518",0.114,0.698,0.058,0.13,518
"519",0.044,0.734,0.08,0.142,519
"520",0.048,0.044,0.788,0.12,520
"521",0.036,0.814,0.072,0.078,521
"522",0.06,0.052,0.736,0.152,522
"523",0.096,0.068,0.746,0.09,523
"524",0.724,0.128,0.03,0.118,524
"525",0.042,0.796,0.056,0.106,525
"526",0.054,0.038,0.788,0.12,526
"527",0.046,0.758,0.064,0.132,527
"528",0.06,0.04,0.688,0.212,528
"529",0.062,0.048,0.792,0.098,529
"530",0.684,0.082,0.064,0.17,530
"531",0.048,0.788,0.048,0.116,531
"532",0.656,0.162,0.048,0.134,532
"533",0.118,0.344,0.338,0.2,533
"534",0.054,0.794,0.092,0.06,534
"535",0.174,0.328,0.334,0.164,535
"536",0.082,0.764,0.068,0.086,536
"537",0.13,0.43,0.304,0.136,537
"538",0.074,0.144,0.692,0.09,538
"539",0.206,0.284,0.28,0.23,539
"540",0.67,0.096,0.144,0.09,540
"541",0.39,0.222,0.134,0.254,541
"542",0.036,0.038,0.204,0.722,542
"543",0.128,0.458,0.186,0.228,543
"544",0.35,0.47,0.09,0.09,544
"545",0.46,0.248,0.178,0.114,545
"546",0.06,0.72,0.158,0.062,546
"547",0.372,0.182,0.21,0.236,547
"548",0.044,0.758,0.148,0.05,548
"549",0.066,0.136,0.744,0.054,549
"550",0.294,0.238,0.2,0.268,550
"551",0.714,0.166,0.04,0.08,551
"552",0.114,0.124,0.026,0.736,552
"553",0.124,0.094,0.11,0.672,553
"554",0.15,0.226,0.376,0.248,554
"555",0.184,0.114,0.514,0.188,555
"556",0.022,0.16,0.096,0.722,556
"557",0.056,0.08,0.172,0.692,557
"558",0.132,0.112,0.108,0.648,558
"559",0.046,0.032,0.174,0.748,559
"560",0.098,0.146,0.09,0.666,560
"561",0.034,0.124,0.104,0.738,561
"562",0.092,0.112,0.124,0.672,562
"563",0.11,0.074,0.082,0.734,563
"564",0.012,0.092,0.184,0.712,564
"565",0.1,0.092,0.092,0.716,565
"566",0.344,0.264,0.26,0.132,566
"567",0.098,0.092,0.028,0.782,567
"568",0.126,0.08,0.048,0.746,568
"569",0.268,0.374,0.108,0.25,569
"570",0.098,0.048,0.11,0.744,570
"571",0.802,0.098,0.05,0.05,571
"572",0.11,0.094,0.34,0.456,572
"573",0.012,0.05,0.304,0.634,573
"574",0.158,0.168,0.02,0.654,574
"575",0.066,0.026,0.168,0.74,575
"576",0.136,0.056,0.278,0.53,576
"577",0.2,0.03,0.06,0.71,577
"578",0.856,0.074,0.006,0.064,578
"579",0.08,0.278,0.094,0.548,579
"580",0.392,0.36,0.1,0.148,580
"581",0.03,0.286,0.026,0.658,581
"582",0.052,0.154,0.016,0.778,582
"583",0.056,0.118,0.07,0.756,583
"584",0.038,0.01,0.914,0.038,584
"585",0.046,0.028,0.126,0.8,585
"586",0.11,0.044,0.026,0.82,586
"587",0.706,0.042,0.1,0.152,587
"588",0.022,0.02,0.032,0.926,588
"589",0.08,0.052,0.032,0.836,589
"590",0.082,0.164,0.656,0.098,590
"591",0.182,0.068,0.066,0.684,591
"592",0.102,0.792,0.03,0.076,592
"593",0.398,0.442,0.058,0.102,593
"594",0.7,0.194,0.054,0.052,594
"595",0.734,0.19,0.038,0.038,595
"596",0.666,0.058,0.128,0.148,596
"597",0.044,0.912,0.026,0.018,597
"598",0.696,0.082,0.168,0.054,598
"599",0.69,0.11,0.058,0.142,599
"600",0.048,0.872,0.036,0.044,600
"601",0.788,0.044,0.06,0.108,601
"602",0.886,0.044,0.032,0.038,602
"603",0.046,0.868,0.034,0.052,603
"604",0.674,0.036,0.182,0.108,604
"605",0.144,0.086,0.446,0.324,605
"606",0.078,0.692,0.192,0.038,606
"607",0.03,0.776,0.058,0.136,607
"608",0.1,0.764,0.024,0.112,608
"609",0.258,0.216,0.106,0.42,609
"610",0.06,0.03,0.68,0.23,610
"611",0.07,0.232,0.32,0.378,611
"612",0.698,0.182,0.026,0.094,612
"613",0.18,0.734,0.044,0.042,613
"614",0.024,0.752,0.184,0.04,614
"615",0.06,0.168,0.102,0.67,615
"616",0.164,0.682,0.13,0.024,616
"617",0.074,0.116,0.324,0.486,617
"618",0.136,0.032,0.79,0.042,618
"619",0.13,0.178,0.434,0.258,619
"620",0.066,0.328,0.306,0.3,620
"621",0.702,0.142,0.04,0.116,621
"622",0.026,0.814,0.046,0.114,622
"623",0.678,0.052,0.026,0.244,623
"624",0.684,0.03,0.094,0.192,624
"625",0.088,0.836,0.056,0.02,625
"626",0.038,0.032,0.704,0.226,626
"627",0.11,0.028,0.83,0.032,627
"628",0.792,0.08,0.052,0.076,628
"629",0.092,0.864,0.014,0.03,629
"630",0.194,0.06,0.722,0.024,630
"631",0.108,0.814,0.032,0.046,631
"632",0.036,0.042,0.13,0.792,632
"633",0.056,0.134,0.106,0.704,633
"634",0.098,0.712,0.082,0.108,634
"635",0.104,0.092,0.678,0.126,635
"636",0.91,0.046,0.014,0.03,636
"637",0.12,0.096,0.244,0.54,637
"638",0.018,0.81,0.052,0.12,638
"639",0.102,0.794,0.05,0.054,639
"640",0.068,0.872,0.022,0.038,640
"641",0.032,0.79,0.07,0.108,641
"642",0.042,0.754,0.04,0.164,642
"643",0.044,0.752,0.054,0.15,643
"644",0.052,0.092,0.056,0.8,644
"645",0.084,0.152,0.206,0.558,645
"646",0.086,0.038,0.07,0.806,646
"647",0.228,0.396,0.264,0.112,647
"648",0.15,0.622,0.084,0.144,648
"649",0.102,0.09,0.574,0.234,649
"650",0.108,0.77,0.03,0.092,650
"651",0.328,0.21,0.35,0.112,651
"652",0.69,0.092,0.152,0.066,652
"653",0.042,0.172,0.738,0.048,653
"654",0.73,0.09,0.066,0.114,654
"655",0.156,0.716,0.084,0.044,655
"656",0.448,0.124,0.134,0.294,656
"657",0.034,0.838,0.082,0.046,657
"658",0.048,0.036,0.87,0.046,658
"659",0.082,0.28,0.548,0.09,659
"660",0.854,0.06,0.03,0.056,660
"661",0.306,0.142,0.182,0.37,661
"662",0.088,0.746,0.076,0.09,662
"663",0.796,0.122,0.05,0.032,663
"664",0.812,0.032,0.106,0.05,664
"665",0.12,0.054,0.092,0.734,665
"666",0.126,0.096,0.032,0.746,666
"667",0.036,0.028,0.162,0.774,667
"668",0.022,0.152,0.67,0.156,668
"669",0.114,0.42,0.158,0.308,669
"670",0.012,0.078,0.194,0.716,670
"671",0.13,0.084,0.06,0.726,671
"672",0.03,0.074,0.792,0.104,672
"673",0.742,0.032,0.072,0.154,673
"674",0.066,0.03,0.146,0.758,674
"675",0.038,0.2,0.018,0.744,675
"676",0.158,0.134,0.012,0.696,676
"677",0.086,0.134,0.71,0.07,677
"678",0.188,0.026,0.702,0.084,678
"679",0.12,0.808,0.026,0.046,679
"680",0.368,0.228,0.08,0.324,680
"681",0.092,0.086,0.15,0.672,681
"682",0.12,0.022,0.12,0.738,682
"683",0.08,0.232,0.022,0.666,683
"684",0.17,0.062,0.014,0.754,684
"685",0.146,0.09,0.064,0.7,685
"686",0.058,0.174,0.054,0.714,686
"687",0.258,0.196,0.266,0.28,687
"688",0.08,0.064,0.08,0.776,688
"689",0.252,0.352,0.2,0.196,689
"690",0.67,0.122,0.076,0.132,690
"691",0.08,0.076,0.794,0.05,691
"692",0.178,0.462,0.14,0.22,692
"693",0.116,0.072,0.102,0.71,693
"694",0.088,0.178,0.06,0.674,694
"695",0.088,0.054,0.074,0.784,695
"696",0.256,0.272,0.186,0.286,696
"697",0.072,0.154,0.054,0.72,697
"698",0.2,0.312,0.148,0.34,698
"699",0.104,0.094,0.13,0.672,699
"700",0.108,0.072,0.732,0.088,700
"701",0.038,0.15,0.06,0.752,701
"702",0.188,0.212,0.44,0.16,702
"703",0.092,0.072,0.076,0.76,703
"704",0.26,0.306,0.248,0.186,704
"705",0.106,0.722,0.07,0.102,705
"706",0.216,0.348,0.13,0.306,706
"707",0.22,0.166,0.322,0.292,707
"708",0.686,0.162,0.106,0.046,708
"709",0.096,0.69,0.092,0.122,709
"710",0.046,0.782,0.06,0.112,710
"711",0.766,0.122,0.056,0.056,711
"712",0.14,0.104,0.694,0.062,712
"713",0.21,0.214,0.184,0.392,713
"714",0.096,0.734,0.058,0.112,714
"715",0.048,0.082,0.796,0.074,715
"716",0.06,0.73,0.088,0.122,716
"717",0.662,0.062,0.102,0.174,717
"718",0.038,0.068,0.782,0.112,718
"719",0.784,0.09,0.04,0.086,719
"720",0.096,0.068,0.674,0.162,720
"721",0.45,0.16,0.242,0.148,721
"722",0.032,0.074,0.762,0.132,722
"723",0.042,0.114,0.05,0.794,723
"724",0.092,0.618,0.078,0.212,724
"725",0.038,0.112,0.07,0.78,725
"726",0.232,0.036,0.12,0.612,726
"727",0.876,0.036,0.03,0.058,727
"728",0.082,0.06,0.04,0.818,728
"729",0.048,0.19,0.014,0.748,729
"730",0.068,0.078,0.35,0.504,730
"731",0.186,0.06,0.104,0.65,731
"732",0.034,0.092,0.832,0.042,732
"733",0.026,0.042,0.066,0.866,733
"734",0.056,0.098,0.058,0.788,734
"735",0.116,0.044,0.65,0.19,735
"736",0.182,0.16,0.166,0.492,736
"737",0.082,0.126,0.248,0.544,737
"738",0.154,0.066,0.04,0.74,738
"739",0.024,0.202,0.036,0.738,739
"740",0.038,0.702,0.036,0.224,740
"741",0.278,0.024,0.658,0.04,741
"742",0.032,0.012,0.79,0.166,742
"743",0.076,0.046,0.726,0.152,743
"744",0.042,0.768,0.022,0.168,744
"745",0.112,0.104,0.568,0.216,745
"746",0.062,0.05,0.028,0.86,746
"747",0.032,0.074,0.054,0.84,747
"748",0.81,0.024,0.03,0.136,748
"749",0.898,0.03,0.036,0.036,749
"750",0.038,0.046,0.884,0.032,750
"751",0.06,0.048,0.036,0.856,751
"752",0.02,0.758,0.058,0.164,752
"753",0.096,0.194,0.07,0.64,753
"754",0.082,0.04,0.044,0.834,754
"755",0.718,0.036,0.024,0.222,755
"756",0.058,0.048,0.154,0.74,756
"757",0.752,0.04,0.062,0.146,757
"758",0.114,0.22,0.128,0.538,758
"759",0.692,0.056,0.126,0.126,759
"760",0.028,0.02,0.066,0.886,760
"761",0.678,0.232,0.028,0.062,761
"762",0.696,0.184,0.026,0.094,762
"763",0.142,0.688,0.028,0.142,763
"764",0.7,0.112,0.078,0.11,764
"765",0.734,0.084,0.02,0.162,765
"766",0.852,0.024,0.046,0.078,766
"767",0.03,0.19,0.704,0.076,767
"768",0.02,0.784,0.052,0.144,768
"769",0.096,0.022,0.726,0.156,769
"770",0.134,0.186,0.138,0.542,770
"771",0.634,0.02,0.068,0.278,771
"772",0.25,0.1,0.09,0.56,772
"773",0.778,0.038,0.038,0.146,773
"774",0.054,0.03,0.872,0.044,774
"775",0.04,0.03,0.708,0.222,775
"776",0.208,0.118,0.076,0.598,776
"777",0.03,0.04,0.872,0.058,777
"778",0.08,0.058,0.048,0.814,778
"779",0.128,0.066,0.68,0.126,779
"780",0.806,0.086,0.032,0.076,780
"781",0.058,0.108,0.784,0.05,781
"782",0.058,0.052,0.118,0.772,782
"783",0.674,0.06,0.088,0.178,783
"784",0.19,0.454,0.18,0.176,784
"785",0.062,0.044,0.798,0.096,785
"786",0.048,0.776,0.056,0.12,786
"787",0.068,0.038,0.75,0.144,787
"788",0.7,0.102,0.064,0.134,788
"789",0.06,0.086,0.808,0.046,789
"790",0.75,0.072,0.074,0.104,790
"791",0.084,0.786,0.028,0.102,791
"792",0.758,0.06,0.12,0.062,792
"793",0.806,0.096,0.048,0.05,793
"794",0.76,0.09,0.052,0.098,794
"795",0.724,0.058,0.11,0.108,795
"796",0.084,0.792,0.044,0.08,796
"797",0.036,0.03,0.792,0.142,797
"798",0.806,0.064,0.034,0.096,798
"799",0.02,0.028,0.86,0.092,799
"800",0.802,0.04,0.07,0.088,800
"801",0.032,0.024,0.04,0.904,801
"802",0.15,0.068,0.086,0.696,802
"803",0.11,0.152,0.268,0.47,803
"804",0.77,0.032,0.024,0.174,804
"805",0.762,0.028,0.042,0.168,805
"806",0.1,0.402,0.236,0.262,806
"807",0.034,0.178,0.684,0.104,807
"808",0.098,0.278,0.102,0.522,808
"809",0.08,0.384,0.15,0.386,809
"810",0.81,0.034,0.044,0.112,810
"811",0.054,0.148,0.766,0.032,811
"812",0.038,0.03,0.71,0.222,812
"813",0.176,0.708,0.028,0.088,813
"814",0.034,0.08,0.71,0.176,814
"815",0.066,0.858,0.032,0.044,815
"816",0.708,0.046,0.042,0.204,816
"817",0.04,0.046,0.036,0.878,817
"818",0.796,0.048,0.016,0.14,818
"819",0.82,0.044,0.04,0.096,819
"820",0.026,0.852,0.054,0.068,820
"821",0.04,0.742,0.04,0.178,821
"822",0.032,0.766,0.038,0.164,822
"823",0.032,0.054,0.702,0.212,823
"824",0.764,0.036,0.038,0.162,824
"825",0.338,0.224,0.092,0.346,825
"826",0.708,0.046,0.046,0.2,826
"827",0.816,0.04,0.036,0.108,827
"828",0.118,0.096,0.128,0.658,828
"829",0.748,0.038,0.112,0.102,829
"830",0.038,0.848,0.05,0.064,830
"831",0.048,0.038,0.044,0.87,831
"832",0.058,0.79,0.036,0.116,832
"833",0.044,0.052,0.79,0.114,833
"834",0.854,0.024,0.052,0.07,834
"835",0.026,0.824,0.08,0.07,835
"836",0.036,0.02,0.862,0.082,836
"837",0.124,0.81,0.022,0.044,837
"838",0.058,0.082,0.82,0.04,838
"839",0.886,0.048,0.028,0.038,839
"840",0.11,0.5,0.204,0.186,840
"841",0.024,0.2,0.06,0.716,841
"842",0.842,0.022,0.056,0.08,842
"843",0.038,0.042,0.184,0.736,843
"844",0.834,0.044,0.038,0.084,844
"845",0.024,0.042,0.834,0.1,845
"846",0.048,0.046,0.742,0.164,846
"847",0.034,0.858,0.032,0.076,847
"848",0.034,0.268,0.024,0.674,848
"849",0.648,0.022,0.282,0.048,849
"850",0.69,0.066,0.056,0.188,850
"851",0.762,0.066,0.082,0.09,851
"852",0.21,0.646,0.078,0.066,852
"853",0.038,0.898,0.018,0.046,853
"854",0.624,0.034,0.256,0.086,854
"855",0.034,0.026,0.86,0.08,855
"856",0.03,0.172,0.058,0.74,856
"857",0.802,0.104,0.062,0.032,857
"858",0.056,0.782,0.074,0.088,858
"859",0.09,0.452,0.312,0.146,859
"860",0.106,0.29,0.4,0.204,860
"861",0.02,0.166,0.05,0.764,861
"862",0.032,0.214,0.016,0.738,862
"863",0.374,0.098,0.324,0.204,863
"864",0.096,0.05,0.14,0.714,864
"865",0.04,0.182,0.022,0.756,865
"866",0.02,0.2,0.032,0.748,866
"867",0.118,0.126,0.022,0.734,867
"868",0.54,0.098,0.158,0.204,868
"869",0.094,0.056,0.056,0.794,869
"870",0.044,0.142,0.04,0.774,870
"871",0.062,0.024,0.814,0.1,871
"872",0.11,0.03,0.796,0.064,872
"873",0.02,0.206,0.036,0.738,873
"874",0.028,0.14,0.1,0.732,874
"875",0.08,0.782,0.078,0.06,875
"876",0.028,0.044,0.904,0.024,876
"877",0.032,0.796,0.102,0.07,877
"878",0.856,0.046,0.048,0.05,878
"879",0.05,0.098,0.784,0.068,879
"880",0.314,0.17,0.18,0.336,880
"881",0.212,0.09,0.378,0.32,881
"882",0.13,0.078,0.602,0.19,882
"883",0.822,0.048,0.106,0.024,883
"884",0.058,0.064,0.15,0.728,884
"885",0.812,0.066,0.048,0.074,885
"886",0.052,0.784,0.068,0.096,886
"887",0.058,0.054,0.068,0.82,887
"888",0.816,0.066,0.054,0.064,888
"889",0.044,0.218,0.694,0.044,889
"890",0.148,0.048,0.738,0.066,890
"891",0.864,0.048,0.032,0.056,891
"892",0.056,0.044,0.112,0.788,892
"893",0.052,0.078,0.048,0.822,893
"894",0.706,0.086,0.134,0.074,894
"895",0.06,0.172,0.376,0.392,895
"896",0.066,0.132,0.064,0.738,896
"897",0.016,0.228,0.708,0.048,897
"898",0.164,0.104,0.126,0.606,898
"899",0.082,0.192,0.028,0.698,899
"900",0.082,0.054,0.04,0.824,900
"901",0.028,0.738,0.056,0.178,901
"902",0.09,0.024,0.166,0.72,902
"903",0.068,0.064,0.536,0.332,903
"904",0.458,0.2,0.104,0.238,904
"905",0.038,0.06,0.078,0.824,905
"906",0.162,0.036,0.04,0.762,906
"907",0.412,0.096,0.108,0.384,907
"908",0.032,0.804,0.036,0.128,908
"909",0.478,0.116,0.078,0.328,909
"910",0.148,0.052,0.036,0.764,910
"911",0.046,0.032,0.07,0.852,911
"912",0.758,0.11,0.022,0.11,912
"913",0.776,0.044,0.054,0.126,913
"914",0.072,0.022,0.73,0.176,914
"915",0.756,0.036,0.078,0.13,915
"916",0.444,0.14,0.078,0.338,916
"917",0.696,0.058,0.108,0.138,917
"918",0.7,0.054,0.056,0.19,918
"919",0.12,0.368,0.16,0.352,919
"920",0.066,0.076,0.696,0.162,920
"921",0.042,0.652,0.13,0.176,921
"922",0.086,0.048,0.682,0.184,922
"923",0.09,0.066,0.664,0.18,923
"924",0.388,0.112,0.15,0.35,924
"925",0.2,0.23,0.236,0.334,925
"926",0.174,0.41,0.094,0.322,926
"927",0.056,0.726,0.058,0.16,927
"928",0.02,0.878,0.056,0.046,928
"929",0.042,0.752,0.062,0.144,929
"930",0.042,0.794,0.068,0.096,930
"931",0.764,0.046,0.052,0.138,931
"932",0.122,0.088,0.744,0.046,932
"933",0.048,0.036,0.706,0.21,933
"934",0.626,0.262,0.082,0.03,934
"935",0.03,0.092,0.746,0.132,935
"936",0.35,0.15,0.268,0.232,936
"937",0.022,0.722,0.116,0.14,937
"938",0.768,0.034,0.058,0.14,938
"939",0.78,0.066,0.09,0.064,939
"940",0.23,0.668,0.032,0.07,940
"941",0.02,0.116,0.77,0.094,941
"942",0.176,0.322,0.136,0.366,942
"943",0.084,0.574,0.066,0.276,943
"944",0.022,0.728,0.116,0.134,944
"945",0.676,0.032,0.08,0.212,945
"946",0.082,0.026,0.682,0.21,946
"947",0.038,0.868,0.03,0.064,947
"948",0.746,0.046,0.038,0.17,948
"949",0.152,0.194,0.244,0.41,949
"950",0.742,0.072,0.042,0.144,950
"951",0.208,0.036,0.11,0.646,951
"952",0.046,0.578,0.276,0.1,952
"953",0.05,0.03,0.126,0.794,953
"954",0.142,0.07,0.018,0.77,954
"955",0.124,0.024,0.8,0.052,955
"956",0.904,0.016,0.02,0.06,956
"957",0.062,0.134,0.022,0.782,957
"958",0.824,0.132,0.014,0.03,958
"959",0.1,0.028,0.024,0.848,959
"960",0.056,0.102,0.056,0.786,960
"961",0.016,0.106,0.77,0.108,961
"962",0.166,0.01,0.048,0.776,962
"963",0.722,0.034,0.152,0.092,963
"964",0.02,0.856,0.036,0.088,964
"965",0.044,0.102,0.076,0.778,965
"966",0.132,0.008,0.136,0.724,966
"967",0.06,0.06,0.022,0.858,967
"968",0.066,0.152,0.036,0.746,968
"969",0.042,0.08,0.032,0.846,969
"970",0.686,0.162,0.032,0.12,970
"971",0.026,0.094,0.804,0.076,971
"972",0.082,0.204,0.194,0.52,972
"973",0.386,0.192,0.098,0.324,973
"974",0.032,0.108,0.696,0.164,974
"975",0.036,0.062,0.712,0.19,975
"976",0.794,0.044,0.088,0.074,976
"977",0.058,0.03,0.056,0.856,977
"978",0.124,0.102,0.302,0.472,978
"979",0.252,0.068,0.13,0.55,979
"980",0.144,0.244,0.186,0.426,980
"981",0.09,0.8,0.034,0.076,981
"982",0.766,0.046,0.02,0.168,982
"983",0.048,0.042,0.068,0.842,983
"984",0.1,0.422,0.086,0.392,984
"985",0.182,0.22,0.106,0.492,985
"986",0.116,0.062,0.778,0.044,986
"987",0.046,0.79,0.092,0.072,987
"988",0.1,0.088,0.39,0.422,988
"989",0.036,0.052,0.072,0.84,989
"990",0.034,0.038,0.736,0.192,990
"991",0.032,0.144,0.78,0.044,991
"992",0.036,0.176,0.094,0.694,992
"993",0.112,0.202,0.374,0.312,993
"994",0.146,0.636,0.136,0.082,994
"995",0.11,0.098,0.052,0.74,995
"996",0.034,0.056,0.73,0.18,996
"997",0.028,0.136,0.696,0.14,997
"998",0.03,0.8,0.04,0.13,998
"999",0.04,0.056,0.654,0.25,999
"1000",0.758,0.052,0.08,0.11,1000
"1001",0.536,0.082,0.062,0.32,1001
"1002",0.828,0.072,0.03,0.07,1002
"1003",0.03,0.196,0.07,0.704,1003
"1004",0.048,0.04,0.8,0.112,1004
"1005",0.13,0.02,0.034,0.816,1005
"1006",0.072,0.842,0.028,0.058,1006
"1007",0.04,0.068,0.048,0.844,1007
"1008",0.724,0.022,0.084,0.17,1008
"1009",0.552,0.122,0.066,0.26,1009
"1010",0.066,0.038,0.03,0.866,1010
"1011",0.89,0.024,0.014,0.072,1011
"1012",0.04,0.176,0.02,0.764,1012
"1013",0.074,0.174,0.204,0.548,1013
"1014",0.412,0.062,0.116,0.41,1014
"1015",0.138,0.314,0.172,0.376,1015
"1016",0.09,0.024,0.152,0.734,1016
"1017",0.036,0.024,0.804,0.136,1017
"1018",0.14,0.03,0.056,0.774,1018
"1019",0.074,0.814,0.054,0.058,1019
"1020",0.1,0.148,0.578,0.174,1020
"1021",0.038,0.78,0.05,0.132,1021
"1022",0.364,0.142,0.106,0.388,1022
"1023",0.692,0.124,0.072,0.112,1023
"1024",0.046,0.91,0.01,0.034,1024
"1025",0.062,0.024,0.106,0.808,1025
"1026",0.062,0.072,0.322,0.544,1026
"1027",0.056,0.02,0.13,0.794,1027
"1028",0.036,0.032,0.192,0.74,1028
"1029",0.106,0.464,0.152,0.278,1029
"1030",0.196,0.418,0.192,0.194,1030
"1031",0.048,0.028,0.092,0.832,1031
"1032",0.144,0.048,0.076,0.732,1032
"1033",0.742,0.032,0.078,0.148,1033
"1034",0.188,0.054,0.048,0.71,1034
"1035",0.026,0.142,0.756,0.076,1035
"1036",0.028,0.132,0.048,0.792,1036
"1037",0.032,0.034,0.824,0.11,1037
"1038",0.56,0.138,0.052,0.25,1038
"1039",0.028,0.126,0.162,0.684,1039
"1040",0.056,0.148,0.03,0.766,1040
"1041",0.172,0.052,0.04,0.736,1041
"1042",0.02,0.036,0.23,0.714,1042
"1043",0.034,0.04,0.1,0.826,1043
"1044",0.768,0.044,0.044,0.144,1044
"1045",0.134,0.02,0.672,0.174,1045
"1046",0.31,0.434,0.096,0.16,1046
"1047",0.376,0.268,0.134,0.222,1047
"1048",0.132,0.196,0.214,0.458,1048
"1049",0.062,0.052,0.786,0.1,1049
"1050",0.386,0.25,0.102,0.262,1050
"1051",0.056,0.79,0.042,0.112,1051
"1052",0.066,0.036,0.172,0.726,1052
"1053",0.046,0.114,0.044,0.796,1053
"1054",0.048,0.07,0.796,0.086,1054
"1055",0.036,0.044,0.804,0.116,1055
"1056",0.098,0.032,0.054,0.816,1056
"1057",0.054,0.082,0.788,0.076,1057
"1058",0.75,0.052,0.13,0.068,1058
"1059",0.06,0.084,0.04,0.816,1059
"1060",0.07,0.044,0.806,0.08,1060
"1061",0.062,0.034,0.082,0.822,1061
"1062",0.054,0.804,0.068,0.074,1062
"1063",0.114,0.226,0.252,0.408,1063
"1064",0.796,0.066,0.038,0.1,1064
"1065",0.152,0.11,0.028,0.71,1065
"1066",0.084,0.348,0.226,0.342,1066
"1067",0.142,0.122,0.116,0.62,1067
"1068",0.034,0.024,0.206,0.736,1068
"1069",0.05,0.072,0.03,0.848,1069
"1070",0.072,0.068,0.09,0.77,1070
"1071",0.162,0.024,0.06,0.754,1071
"1072",0.086,0.528,0.134,0.252,1072
"1073",0.088,0.028,0.086,0.798,1073
"1074",0.042,0.218,0.1,0.64,1074
"1075",0.08,0.064,0.024,0.832,1075
"1076",0.714,0.23,0.034,0.022,1076
"1077",0.116,0.072,0.066,0.746,1077
"1078",0.744,0.052,0.068,0.136,1078
"1079",0.218,0.026,0.034,0.722,1079
"1080",0.056,0.15,0.038,0.756,1080
"1081",0.184,0.758,0.034,0.024,1081
"1082",0.024,0.854,0.06,0.062,1082
"1083",0.066,0.078,0.028,0.828,1083
"1084",0.064,0.104,0.704,0.128,1084
"1085",0.062,0.136,0.708,0.094,1085
"1086",0.044,0.13,0.796,0.03,1086
"1087",0.35,0.24,0.226,0.184,1087
"1088",0.112,0.368,0.286,0.234,1088
"1089",0.664,0.202,0.08,0.054,1089
"1090",0.038,0.762,0.15,0.05,1090
"1091",0.144,0.752,0.06,0.044,1091
"1092",0.048,0.124,0.764,0.064,1092
"1093",0.158,0.706,0.076,0.06,1093
"1094",0.072,0.108,0.764,0.056,1094
"1095",0.046,0.19,0.736,0.028,1095
"1096",0.064,0.776,0.082,0.078,1096
"1097",0.134,0.12,0.714,0.032,1097
"1098",0.148,0.052,0.68,0.12,1098
"1099",0.692,0.124,0.144,0.04,1099
"1100",0.206,0.54,0.12,0.134,1100
"1101",0.048,0.768,0.094,0.09,1101
"1102",0.702,0.108,0.16,0.03,1102
"1103",0.206,0.682,0.028,0.084,1103
"1104",0.108,0.538,0.098,0.256,1104
"1105",0.024,0.834,0.046,0.096,1105
"1106",0.784,0.102,0.032,0.082,1106
"1107",0.108,0.032,0.746,0.114,1107
"1108",0.054,0.252,0.014,0.68,1108
"1109",0.08,0.238,0.346,0.336,1109
"1110",0.016,0.028,0.922,0.034,1110
"1111",0.056,0.752,0.04,0.152,1111
"1112",0.034,0.756,0.056,0.154,1112
"1113",0.022,0.256,0.658,0.064,1113
"1114",0.282,0.08,0.418,0.22,1114
"1115",0.074,0.038,0.036,0.852,1115
"1116",0.818,0.028,0.086,0.068,1116
"1117",0.712,0.13,0.054,0.104,1117
"1118",0.102,0.042,0.024,0.832,1118
"1119",0.042,0.064,0.784,0.11,1119
"1120",0.184,0.698,0.094,0.024,1120
"1121",0.704,0.026,0.074,0.196,1121
"1122",0.034,0.078,0.772,0.116,1122
"1123",0.142,0.032,0.754,0.072,1123
"1124",0.026,0.816,0.088,0.07,1124
"1125",0.06,0.814,0.03,0.096,1125
"1126",0.054,0.766,0.056,0.124,1126
"1127",0.048,0.75,0.084,0.118,1127
"1128",0.018,0.746,0.182,0.054,1128
"1129",0.042,0.016,0.852,0.09,1129
"1130",0.092,0.696,0.068,0.144,1130
"1131",0.036,0.036,0.84,0.088,1131
"1132",0.074,0.816,0.052,0.058,1132
"1133",0.096,0.81,0.032,0.062,1133
"1134",0.718,0.094,0.062,0.126,1134
"1135",0.034,0.088,0.784,0.094,1135
"1136",0.788,0.042,0.104,0.066,1136
"1137",0.498,0.122,0.118,0.262,1137
"1138",0.066,0.738,0.052,0.144,1138
"1139",0.714,0.074,0.054,0.158,1139
"1140",0.022,0.922,0.016,0.04,1140
"1141",0.682,0.086,0.154,0.078,1141
"1142",0.712,0.072,0.052,0.164,1142
"1143",0.364,0.11,0.09,0.436,1143
"1144",0.076,0.25,0.256,0.418,1144
"1145",0.216,0.648,0.04,0.096,1145
"1146",0.474,0.09,0.068,0.368,1146
"1147",0.056,0.032,0.74,0.172,1147
"1148",0.724,0.05,0.076,0.15,1148
"1149",0.764,0.048,0.132,0.056,1149
"1150",0.806,0.05,0.094,0.05,1150
"1151",0.306,0.21,0.08,0.404,1151
"1152",0.68,0.03,0.22,0.07,1152
"1153",0.232,0.108,0.202,0.458,1153
"1154",0.748,0.092,0.026,0.134,1154
"1155",0.056,0.732,0.04,0.172,1155
"1156",0.094,0.09,0.664,0.152,1156
"1157",0.028,0.122,0.682,0.168,1157
"1158",0.28,0.506,0.086,0.128,1158
"1159",0.038,0.122,0.728,0.112,1159
"1160",0.038,0.708,0.03,0.224,1160
"1161",0.1,0.16,0.138,0.602,1161
"1162",0.032,0.018,0.706,0.244,1162
"1163",0.242,0.146,0.064,0.548,1163
"1164",0.206,0.334,0.07,0.39,1164
"1165",0.078,0.078,0.144,0.7,1165
"1166",0.03,0.074,0.034,0.862,1166
"1167",0.72,0.052,0.024,0.204,1167
"1168",0.036,0.102,0.012,0.85,1168
"1169",0.026,0.674,0.084,0.216,1169
"1170",0.108,0.768,0.028,0.096,1170
"1171",0.66,0.152,0.138,0.05,1171
"1172",0.028,0.048,0.056,0.868,1172
"1173",0.02,0.086,0.034,0.86,1173
"1174",0.652,0.032,0.03,0.286,1174
"1175",0.096,0.144,0.022,0.738,1175
"1176",0.028,0.018,0.098,0.856,1176
"1177",0.026,0.092,0.028,0.854,1177
"1178",0.036,0.306,0.012,0.646,1178
"1179",0.118,0.16,0.05,0.672,1179
"1180",0.094,0.076,0.142,0.688,1180
"1181",0.178,0.04,0.648,0.134,1181
"1182",0.092,0.15,0.05,0.708,1182
"1183",0.856,0.05,0.038,0.056,1183
"1184",0.476,0.12,0.132,0.272,1184
"1185",0.73,0.082,0.09,0.098,1185
"1186",0.028,0.072,0.118,0.782,1186
"1187",0.208,0.054,0.696,0.042,1187
"1188",0.136,0.06,0.062,0.742,1188
"1189",0.044,0.19,0.048,0.718,1189
"1190",0.71,0.056,0.168,0.066,1190
"1191",0.66,0.116,0.082,0.142,1191
"1192",0.716,0.08,0.046,0.158,1192
"1193",0.812,0.076,0.054,0.058,1193
"1194",0.072,0.162,0.052,0.714,1194
"1195",0.052,0.158,0.034,0.756,1195
"1196",0.826,0.07,0.044,0.06,1196
"1197",0.06,0.81,0.06,0.07,1197
"1198",0.204,0.034,0.71,0.052,1198
"1199",0.228,0.036,0.69,0.046,1199
"1200",0.77,0.104,0.03,0.096,1200
"1201",0.068,0.692,0.174,0.066,1201
