"No","Ch1","Ch2","Ch3","Ch4"
21566,0.224,0.134,0.262,0.38
21567,0.09,0.222,0.45,0.238
21568,0.208,0.398,0.076,0.318
21569,0.548,0.092,0.17,0.19
21570,0.194,0.168,0.532,0.106
21571,0.098,0.538,0.126,0.238
21572,0.16,0.066,0.508,0.266
21573,0.154,0.156,0.184,0.506
21574,0.178,0.312,0.244,0.266
21575,0.08,0.074,0.674,0.172
21576,0.216,0.14,0.25,0.394
21577,0.184,0.134,0.586,0.096
21578,0.3,0.24,0.206,0.254
21579,0.122,0.13,0.206,0.542
21580,0.096,0.39,0.16,0.354
21581,0.278,0.138,0.196,0.388
21582,0.12,0.158,0.388,0.334
21583,0.134,0.138,0.2,0.528
21584,0.188,0.244,0.132,0.436
21585,0.276,0.24,0.132,0.352
21586,0.138,0.464,0.206,0.192
21587,0.08,0.57,0.15,0.2
21588,0.11,0.14,0.518,0.232
21589,0.116,0.118,0.51,0.256
21590,0.124,0.102,0.504,0.27
21591,0.082,0.222,0.43,0.266
21592,0.16,0.342,0.126,0.372
21593,0.53,0.21,0.086,0.174
21594,0.122,0.112,0.3,0.466
21595,0.25,0.166,0.094,0.49
21596,0.128,0.664,0.072,0.136
21597,0.368,0.256,0.096,0.28
21598,0.116,0.388,0.33,0.166
21599,0.28,0.278,0.292,0.15
21600,0.128,0.236,0.106,0.53
21601,0.118,0.152,0.2,0.53
21602,0.068,0.552,0.206,0.174
21603,0.316,0.114,0.156,0.414
21604,0.176,0.116,0.412,0.296
21605,0.12,0.07,0.726,0.084
21606,0.254,0.05,0.43,0.266
21607,0.57,0.14,0.082,0.208
21608,0.11,0.6,0.05,0.24
21609,0.064,0.074,0.572,0.29
21610,0.272,0.372,0.08,0.276
21611,0.068,0.178,0.564,0.19
21612,0.624,0.086,0.222,0.068
21613,0.082,0.238,0.306,0.374
21614,0.088,0.434,0.196,0.282
21615,0.42,0.31,0.052,0.218
21616,0.094,0.058,0.724,0.124
21617,0.174,0.192,0.31,0.324
21618,0.216,0.088,0.346,0.35
21619,0.244,0.166,0.082,0.508
21620,0.054,0.626,0.064,0.256
21621,0.082,0.462,0.124,0.332
21622,0.11,0.346,0.136,0.408
21623,0.332,0.37,0.098,0.2
21624,0.294,0.452,0.092,0.162
21625,0.118,0.126,0.49,0.266
21626,0.38,0.202,0.148,0.27
21627,0.094,0.188,0.46,0.258
21628,0.154,0.634,0.112,0.1
21629,0.33,0.166,0.136,0.368
21630,0.168,0.17,0.148,0.514
21631,0.17,0.134,0.56,0.136
21632,0.108,0.19,0.486,0.216
21633,0.114,0.292,0.244,0.35
21634,0.244,0.546,0.122,0.088
21635,0.094,0.684,0.14,0.082
21636,0.534,0.126,0.15,0.19
21637,0.432,0.36,0.106,0.102
21638,0.252,0.334,0.318,0.096
21639,0.214,0.484,0.138,0.164
21640,0.338,0.294,0.27,0.098
21641,0.294,0.206,0.402,0.098
21642,0.53,0.092,0.224,0.154
21643,0.078,0.174,0.592,0.156
21644,0.214,0.258,0.282,0.246
21645,0.1,0.654,0.112,0.134
21646,0.104,0.192,0.496,0.208
21647,0.152,0.16,0.408,0.28
21648,0.32,0.22,0.348,0.112
21649,0.512,0.148,0.208,0.132
21650,0.098,0.298,0.35,0.254
21651,0.46,0.116,0.182,0.242
21652,0.098,0.1,0.258,0.544
21653,0.56,0.12,0.142,0.178
21654,0.644,0.124,0.118,0.114
21655,0.348,0.082,0.484,0.086
21656,0.34,0.104,0.224,0.332
21657,0.544,0.18,0.142,0.134
21658,0.486,0.114,0.18,0.22
21659,0.504,0.134,0.172,0.19
21660,0.094,0.084,0.214,0.608
21661,0.348,0.138,0.162,0.352
21662,0.078,0.608,0.052,0.262
21663,0.126,0.14,0.658,0.076
21664,0.082,0.43,0.112,0.376
21665,0.248,0.38,0.216,0.156
21666,0.156,0.38,0.112,0.352
21667,0.044,0.306,0.342,0.308
21668,0.242,0.324,0.12,0.314
21669,0.168,0.184,0.136,0.512
21670,0.114,0.364,0.08,0.442
21671,0.032,0.418,0.502,0.048
21672,0.086,0.212,0.24,0.462
21673,0.226,0.416,0.068,0.29
21674,0.232,0.098,0.216,0.454
21675,0.42,0.178,0.096,0.306
21676,0.07,0.664,0.13,0.136
21677,0.726,0.054,0.144,0.076
21678,0.136,0.344,0.474,0.046
21679,0.12,0.43,0.078,0.372
21680,0.434,0.122,0.314,0.13
21681,0.248,0.126,0.176,0.45
21682,0.28,0.344,0.11,0.266
21683,0.37,0.096,0.198,0.336
21684,0.392,0.098,0.16,0.35
21685,0.092,0.366,0.1,0.442
21686,0.09,0.388,0.334,0.188
21687,0.336,0.11,0.316,0.238
21688,0.408,0.136,0.108,0.348
21689,0.17,0.584,0.098,0.148
21690,0.568,0.144,0.114,0.174
21691,0.312,0.444,0.08,0.164
21692,0.064,0.404,0.424,0.108
21693,0.152,0.518,0.078,0.252
21694,0.164,0.274,0.104,0.458
21695,0.246,0.29,0.362,0.102
21696,0.478,0.284,0.076,0.162
21697,0.328,0.348,0.182,0.142
21698,0.124,0.078,0.68,0.118
21699,0.452,0.304,0.054,0.19
21700,0.558,0.228,0.07,0.144
21701,0.66,0.078,0.06,0.202
21702,0.138,0.234,0.118,0.51
21703,0.22,0.244,0.106,0.43
21704,0.142,0.28,0.374,0.204
21705,0.102,0.054,0.646,0.198
21706,0.082,0.406,0.114,0.398
21707,0.122,0.612,0.124,0.142
21708,0.09,0.482,0.218,0.21
21709,0.232,0.124,0.082,0.562
21710,0.286,0.084,0.074,0.556
21711,0.094,0.432,0.282,0.192
21712,0.078,0.29,0.062,0.57
21713,0.462,0.154,0.142,0.242
21714,0.074,0.52,0.08,0.326
21715,0.358,0.114,0.228,0.3
21716,0.114,0.17,0.368,0.348
21717,0.178,0.078,0.394,0.35
21718,0.292,0.398,0.068,0.242
21719,0.16,0.13,0.186,0.524
21720,0.372,0.212,0.114,0.302
21721,0.13,0.176,0.474,0.22
21722,0.46,0.16,0.178,0.202
21723,0.15,0.246,0.158,0.446
21724,0.41,0.15,0.216,0.224
21725,0.084,0.284,0.188,0.444
21726,0.078,0.35,0.272,0.3
21727,0.246,0.104,0.468,0.182
21728,0.118,0.126,0.384,0.372
21729,0.208,0.198,0.138,0.456
21730,0.294,0.106,0.208,0.392
21731,0.228,0.198,0.414,0.16
21732,0.356,0.196,0.116,0.332
21733,0.426,0.348,0.094,0.132
21734,0.096,0.45,0.314,0.14
21735,0.226,0.3,0.09,0.384
21736,0.626,0.164,0.096,0.114
21737,0.276,0.206,0.38,0.138
21738,0.226,0.282,0.362,0.13
21739,0.218,0.402,0.302,0.078
21740,0.118,0.456,0.326,0.1
21741,0.096,0.356,0.268,0.28
21742,0.176,0.33,0.33,0.164
21743,0.47,0.21,0.124,0.196
21744,0.232,0.292,0.366,0.11
21745,0.234,0.174,0.38,0.212
21746,0.262,0.34,0.132,0.266
21747,0.286,0.478,0.094,0.142
21748,0.272,0.264,0.298,0.166
21749,0.146,0.314,0.202,0.338
21750,0.112,0.146,0.54,0.202
21751,0.24,0.15,0.35,0.26
21752,0.366,0.168,0.144,0.322
21753,0.306,0.16,0.196,0.338
21754,0.15,0.324,0.168,0.358
21755,0.104,0.238,0.312,0.346
21756,0.106,0.438,0.232,0.224
21757,0.16,0.52,0.06,0.26
21758,0.202,0.332,0.102,0.364
21759,0.332,0.292,0.192,0.184
21760,0.246,0.038,0.318,0.398
21761,0.062,0.134,0.492,0.312
21762,0.052,0.844,0.034,0.07
21763,0.458,0.122,0.086,0.334
21764,0.442,0.036,0.412,0.11
21765,0.462,0.07,0.174,0.294
21766,0.05,0.592,0.066,0.292
21767,0.068,0.27,0.38,0.282
21768,0.076,0.598,0.232,0.094
21769,0.182,0.3,0.096,0.422
21770,0.106,0.374,0.316,0.204
21771,0.066,0.196,0.414,0.324
21772,0.128,0.406,0.162,0.304
21773,0.44,0.278,0.152,0.13
21774,0.078,0.27,0.34,0.312
21775,0.282,0.286,0.16,0.272
21776,0.388,0.252,0.122,0.238
21777,0.076,0.084,0.43,0.41
21778,0.27,0.128,0.128,0.474
21779,0.374,0.198,0.094,0.334
21780,0.128,0.084,0.478,0.31
21781,0.078,0.096,0.618,0.208
21782,0.454,0.114,0.308,0.124
21783,0.26,0.14,0.152,0.448
21784,0.638,0.172,0.082,0.108
21785,0.104,0.632,0.186,0.078
21786,0.15,0.102,0.214,0.534
21787,0.106,0.666,0.088,0.14
21788,0.424,0.174,0.088,0.314
21789,0.118,0.224,0.134,0.524
21790,0.524,0.112,0.12,0.244
21791,0.224,0.108,0.126,0.542
21792,0.126,0.212,0.41,0.252
21793,0.144,0.122,0.598,0.136
21794,0.056,0.42,0.246,0.278
21795,0.32,0.066,0.432,0.182
21796,0.208,0.264,0.314,0.214
21797,0.362,0.412,0.08,0.146
21798,0.414,0.094,0.248,0.244
21799,0.12,0.102,0.18,0.598
21800,0.088,0.074,0.3,0.538
21801,0.098,0.23,0.336,0.336
21802,0.052,0.14,0.522,0.286
21803,0.104,0.132,0.452,0.312
21804,0.318,0.416,0.108,0.158
21805,0.412,0.104,0.114,0.37
21806,0.09,0.38,0.172,0.358
21807,0.164,0.33,0.152,0.354
21808,0.232,0.088,0.158,0.522
21809,0.604,0.11,0.07,0.216
21810,0.7,0.074,0.134,0.092
21811,0.204,0.576,0.134,0.086
21812,0.14,0.124,0.376,0.36
21813,0.238,0.364,0.182,0.216
21814,0.202,0.426,0.244,0.128
21815,0.336,0.094,0.344,0.226
21816,0.296,0.316,0.228,0.16
21817,0.288,0.172,0.424,0.116
21818,0.182,0.156,0.328,0.334
21819,0.234,0.158,0.202,0.406
21820,0.662,0.12,0.058,0.16
21821,0.106,0.13,0.478,0.286
21822,0.332,0.404,0.142,0.122
21823,0.138,0.356,0.34,0.166
21824,0.084,0.468,0.326,0.122
21825,0.096,0.446,0.122,0.336
21826,0.132,0.58,0.21,0.078
21827,0.092,0.138,0.646,0.124
21828,0.12,0.462,0.172,0.246
21829,0.188,0.288,0.426,0.098
21830,0.226,0.228,0.382,0.164
21831,0.224,0.284,0.158,0.334
21832,0.192,0.374,0.12,0.314
21833,0.432,0.122,0.294,0.152
21834,0.478,0.13,0.22,0.172
21835,0.15,0.38,0.152,0.318
21836,0.11,0.124,0.424,0.342
21837,0.166,0.126,0.366,0.342
21838,0.104,0.28,0.46,0.156
21839,0.14,0.384,0.202,0.274
21840,0.31,0.316,0.182,0.192
21841,0.346,0.182,0.268,0.204
21842,0.096,0.31,0.456,0.138
21843,0.318,0.13,0.27,0.282
21844,0.1,0.434,0.268,0.198
21845,0.206,0.144,0.326,0.324
21846,0.13,0.464,0.168,0.238
21847,0.466,0.154,0.19,0.19
21848,0.22,0.152,0.154,0.474
21849,0.35,0.314,0.146,0.19
21850,0.368,0.308,0.094,0.23
21851,0.154,0.63,0.064,0.152
21852,0.504,0.176,0.096,0.224
21853,0.104,0.318,0.378,0.2
21854,0.442,0.11,0.176,0.272
21855,0.09,0.266,0.126,0.518
21856,0.516,0.1,0.312,0.072
21857,0.108,0.27,0.162,0.46
21858,0.626,0.094,0.066,0.214
21859,0.506,0.102,0.122,0.27
21860,0.392,0.228,0.07,0.31
21861,0.096,0.188,0.584,0.132
21862,0.064,0.656,0.11,0.17
21863,0.104,0.468,0.144,0.284
21864,0.244,0.488,0.056,0.212
21865,0.124,0.368,0.31,0.198
21866,0.162,0.104,0.532,0.202
21867,0.094,0.108,0.168,0.63
21868,0.108,0.086,0.27,0.536
21869,0.258,0.092,0.24,0.41
21870,0.21,0.154,0.244,0.392
21871,0.59,0.138,0.072,0.2
21872,0.09,0.546,0.16,0.204
21873,0.384,0.362,0.208,0.046
21874,0.104,0.684,0.082,0.13
21875,0.334,0.224,0.078,0.364
21876,0.64,0.114,0.104,0.142
21877,0.088,0.268,0.096,0.548
21878,0.238,0.612,0.072,0.078
21879,0.112,0.202,0.134,0.552
21880,0.502,0.14,0.164,0.194
21881,0.06,0.182,0.138,0.62
21882,0.15,0.134,0.15,0.566
21883,0.084,0.246,0.168,0.502
21884,0.166,0.468,0.044,0.322
21885,0.102,0.32,0.09,0.488
21886,0.142,0.138,0.128,0.592
21887,0.11,0.098,0.33,0.462
21888,0.072,0.152,0.53,0.246
21889,0.178,0.182,0.272,0.368
21890,0.282,0.132,0.184,0.402
21891,0.418,0.106,0.3,0.176
21892,0.116,0.374,0.12,0.39
21893,0.114,0.384,0.136,0.366
21894,0.132,0.11,0.34,0.418
21895,0.106,0.15,0.578,0.166
21896,0.452,0.15,0.248,0.15
21897,0.13,0.514,0.198,0.158
21898,0.112,0.292,0.242,0.354
21899,0.16,0.152,0.56,0.128
21900,0.16,0.144,0.144,0.552
21901,0.16,0.604,0.086,0.15
21902,0.092,0.188,0.548,0.172
21903,0.11,0.132,0.546,0.212
21904,0.222,0.142,0.236,0.4
21905,0.118,0.354,0.204,0.324
21906,0.144,0.216,0.138,0.502
21907,0.1,0.274,0.196,0.43
21908,0.408,0.13,0.162,0.3
21909,0.2,0.202,0.274,0.324
21910,0.286,0.276,0.21,0.228
21911,0.16,0.572,0.126,0.142
21912,0.204,0.44,0.08,0.276
21913,0.222,0.248,0.232,0.298
21914,0.18,0.104,0.222,0.494
21915,0.28,0.236,0.242,0.242
21916,0.158,0.12,0.276,0.446
21917,0.18,0.214,0.178,0.428
21918,0.082,0.122,0.646,0.15
21919,0.28,0.102,0.478,0.14
21920,0.206,0.326,0.126,0.342
21921,0.106,0.644,0.062,0.188
21922,0.292,0.368,0.092,0.248
21923,0.164,0.11,0.22,0.506
21924,0.172,0.116,0.32,0.392
21925,0.372,0.322,0.158,0.148
21926,0.298,0.2,0.094,0.408
21927,0.108,0.13,0.522,0.24
21928,0.112,0.544,0.092,0.252
21929,0.116,0.104,0.172,0.608
21930,0.09,0.202,0.166,0.542
21931,0.108,0.178,0.108,0.606
21932,0.094,0.098,0.292,0.516
21933,0.086,0.372,0.094,0.448
21934,0.09,0.326,0.094,0.49
21935,0.164,0.144,0.126,0.566
21936,0.15,0.17,0.078,0.602
21937,0.108,0.12,0.536,0.236
21938,0.058,0.318,0.12,0.504
21939,0.094,0.262,0.12,0.524
21940,0.36,0.184,0.102,0.354
21941,0.078,0.068,0.266,0.588
21942,0.12,0.57,0.108,0.202
21943,0.094,0.276,0.134,0.496
21944,0.082,0.496,0.24,0.182
21945,0.126,0.218,0.128,0.528
21946,0.336,0.196,0.154,0.314
21947,0.426,0.18,0.152,0.242
21948,0.114,0.56,0.17,0.156
21949,0.192,0.258,0.16,0.39
21950,0.106,0.42,0.112,0.362
21951,0.1,0.26,0.248,0.392
21952,0.294,0.134,0.17,0.402
21953,0.41,0.24,0.114,0.236
21954,0.212,0.104,0.19,0.494
21955,0.45,0.146,0.178,0.226
21956,0.11,0.188,0.158,0.544
21957,0.268,0.132,0.336,0.264
21958,0.098,0.618,0.13,0.154
21959,0.102,0.166,0.132,0.6
21960,0.15,0.458,0.11,0.282
21961,0.194,0.144,0.332,0.33
21962,0.49,0.13,0.198,0.182
21963,0.104,0.548,0.218,0.13
21964,0.142,0.126,0.582,0.15
21965,0.078,0.098,0.25,0.574
21966,0.078,0.084,0.27,0.568
21967,0.356,0.134,0.296,0.214
21968,0.222,0.236,0.118,0.424
21969,0.096,0.168,0.146,0.59
21970,0.194,0.166,0.102,0.538
21971,0.12,0.294,0.496,0.09
21972,0.24,0.162,0.118,0.48
21973,0.44,0.128,0.1,0.332
21974,0.61,0.148,0.084,0.158
21975,0.102,0.104,0.24,0.554
21976,0.322,0.228,0.354,0.096
21977,0.106,0.252,0.222,0.42
21978,0.328,0.068,0.176,0.428
21979,0.198,0.176,0.076,0.55
21980,0.09,0.492,0.09,0.328
21981,0.116,0.268,0.118,0.498
21982,0.098,0.162,0.162,0.578
21983,0.104,0.086,0.264,0.546
21984,0.216,0.108,0.16,0.516
21985,0.098,0.626,0.068,0.208
21986,0.084,0.128,0.688,0.1
21987,0.078,0.324,0.12,0.478
21988,0.288,0.266,0.214,0.232
21989,0.116,0.31,0.116,0.458
21990,0.042,0.282,0.248,0.428
21991,0.232,0.238,0.09,0.44
21992,0.128,0.172,0.144,0.556
21993,0.098,0.304,0.074,0.524
21994,0.048,0.346,0.566,0.04
21995,0.064,0.164,0.242,0.53
21996,0.244,0.344,0.08,0.332
21997,0.218,0.092,0.178,0.512
21998,0.412,0.168,0.112,0.308
21999,0.054,0.738,0.116,0.092
22000,0.684,0.068,0.156,0.092
22001,0.132,0.49,0.324,0.054
22002,0.108,0.352,0.096,0.444
22003,0.072,0.248,0.528,0.152
22004,0.418,0.31,0.08,0.192
22005,0.37,0.06,0.184,0.386
22006,0.098,0.324,0.138,0.44
22007,0.188,0.482,0.09,0.24
22008,0.084,0.272,0.366,0.278
22009,0.312,0.282,0.16,0.246
22010,0.108,0.434,0.138,0.32
22011,0.072,0.364,0.228,0.336
22012,0.206,0.348,0.166,0.28
22013,0.232,0.328,0.286,0.154
22014,0.076,0.156,0.658,0.11
22015,0.162,0.176,0.282,0.38
22016,0.112,0.288,0.304,0.296
22017,0.094,0.492,0.294,0.12
22018,0.128,0.22,0.246,0.406
22019,0.204,0.138,0.354,0.304
22020,0.132,0.112,0.5,0.256
22021,0.256,0.172,0.198,0.374
22022,0.31,0.242,0.13,0.318
22023,0.212,0.212,0.264,0.312
22024,0.244,0.136,0.194,0.426
22025,0.272,0.178,0.162,0.388
22026,0.582,0.108,0.13,0.18
22027,0.376,0.13,0.152,0.342
22028,0.356,0.12,0.19,0.334
22029,0.114,0.198,0.192,0.496
22030,0.298,0.094,0.422,0.186
22031,0.18,0.194,0.142,0.484
22032,0.14,0.238,0.2,0.422
22033,0.296,0.114,0.4,0.19
22034,0.552,0.118,0.108,0.222
22035,0.326,0.16,0.096,0.418
22036,0.464,0.148,0.154,0.234
22037,0.184,0.23,0.11,0.476
22038,0.134,0.264,0.156,0.446
22039,0.448,0.224,0.096,0.232
22040,0.178,0.452,0.148,0.222
22041,0.144,0.096,0.592,0.168
22042,0.228,0.15,0.456,0.166
22043,0.29,0.374,0.158,0.178
22044,0.272,0.098,0.332,0.298
22045,0.088,0.468,0.236,0.208
22046,0.282,0.154,0.324,0.24
22047,0.12,0.278,0.398,0.204
22048,0.068,0.658,0.184,0.09
22049,0.074,0.51,0.15,0.266
22050,0.11,0.392,0.2,0.298
22051,0.286,0.24,0.348,0.126
22052,0.304,0.41,0.156,0.13
22053,0.082,0.738,0.074,0.106
22054,0.066,0.186,0.652,0.096
22055,0.116,0.466,0.312,0.106
22056,0.118,0.298,0.49,0.094
22057,0.392,0.132,0.288,0.188
22058,0.172,0.454,0.274,0.1
22059,0.422,0.326,0.082,0.17
22060,0.214,0.15,0.09,0.546
22061,0.094,0.164,0.556,0.186
22062,0.048,0.154,0.676,0.122
22063,0.04,0.724,0.112,0.124
22064,0.548,0.11,0.18,0.162
22065,0.088,0.102,0.554,0.256
22066,0.496,0.068,0.094,0.342
22067,0.39,0.196,0.066,0.348
22068,0.068,0.792,0.036,0.104
22069,0.056,0.44,0.076,0.428
22070,0.254,0.078,0.04,0.628
22071,0.23,0.144,0.092,0.534
22072,0.038,0.55,0.244,0.168
22073,0.104,0.122,0.422,0.352
22074,0.038,0.81,0.082,0.07
22075,0.112,0.272,0.252,0.364
22076,0.714,0.064,0.064,0.158
22077,0.204,0.09,0.124,0.582
22078,0.218,0.14,0.08,0.562
22079,0.414,0.122,0.124,0.34
22080,0.078,0.134,0.462,0.326
22081,0.104,0.63,0.102,0.164
22082,0.572,0.108,0.092,0.228
22083,0.07,0.5,0.154,0.276
22084,0.156,0.192,0.074,0.578
22085,0.22,0.094,0.184,0.502
22086,0.114,0.346,0.116,0.424
22087,0.07,0.072,0.436,0.422
22088,0.132,0.234,0.146,0.488
22089,0.086,0.502,0.17,0.242
22090,0.104,0.18,0.228,0.488
22091,0.08,0.096,0.594,0.23
22092,0.524,0.184,0.076,0.216
22093,0.108,0.144,0.412,0.336
22094,0.14,0.09,0.324,0.446
22095,0.072,0.18,0.126,0.622
22096,0.092,0.088,0.592,0.228
22097,0.424,0.076,0.084,0.416
22098,0.188,0.116,0.57,0.126
22099,0.138,0.342,0.098,0.422
22100,0.104,0.116,0.65,0.13
22101,0.38,0.218,0.118,0.284
22102,0.094,0.386,0.128,0.392
22103,0.204,0.206,0.11,0.48
22104,0.284,0.206,0.064,0.446
22105,0.098,0.37,0.1,0.432
22106,0.454,0.152,0.094,0.3
22107,0.124,0.098,0.566,0.212
22108,0.408,0.128,0.178,0.286
22109,0.344,0.392,0.108,0.156
22110,0.104,0.106,0.17,0.62
22111,0.294,0.15,0.114,0.442
22112,0.072,0.186,0.508,0.234
22113,0.078,0.564,0.13,0.228
22114,0.162,0.098,0.182,0.558
22115,0.176,0.124,0.154,0.546
22116,0.102,0.154,0.562,0.182
22117,0.14,0.168,0.516,0.176
22118,0.594,0.124,0.104,0.178
22119,0.114,0.46,0.142,0.284
22120,0.122,0.118,0.446,0.314
22121,0.104,0.186,0.154,0.556
22122,0.126,0.17,0.576,0.128
22123,0.056,0.538,0.146,0.26
22124,0.14,0.314,0.194,0.352
22125,0.226,0.138,0.19,0.446
22126,0.202,0.106,0.196,0.496
22127,0.534,0.11,0.184,0.172
22128,0.44,0.17,0.216,0.174
22129,0.142,0.088,0.186,0.584
22130,0.136,0.276,0.482,0.106
22131,0.508,0.146,0.172,0.174
22132,0.142,0.256,0.4,0.202
22133,0.098,0.102,0.616,0.184
22134,0.27,0.152,0.16,0.418
22135,0.56,0.106,0.104,0.23
22136,0.21,0.326,0.05,0.414
22137,0.082,0.342,0.264,0.312
22138,0.09,0.556,0.034,0.32
22139,0.106,0.274,0.294,0.326
22140,0.108,0.062,0.602,0.228
22141,0.046,0.212,0.358,0.384
22142,0.266,0.05,0.39,0.294
22143,0.068,0.422,0.342,0.168
22144,0.042,0.26,0.578,0.12
22145,0.076,0.064,0.512,0.348
22146,0.086,0.05,0.67,0.194
22147,0.19,0.066,0.236,0.508
22148,0.46,0.082,0.048,0.41
22149,0.062,0.496,0.076,0.366
22150,0.088,0.066,0.74,0.106
22151,0.11,0.064,0.652,0.174
22152,0.21,0.06,0.092,0.638
22153,0.054,0.408,0.43,0.108
22154,0.046,0.536,0.074,0.344
22155,0.106,0.25,0.226,0.418
22156,0.094,0.43,0.222,0.254
22157,0.128,0.426,0.266,0.18
22158,0.12,0.39,0.122,0.368
22159,0.112,0.394,0.312,0.182
22160,0.08,0.228,0.11,0.582
22161,0.09,0.198,0.27,0.442
22162,0.134,0.178,0.42,0.268
22163,0.27,0.136,0.122,0.472
22164,0.066,0.07,0.624,0.24
22165,0.078,0.568,0.136,0.218
22166,0.432,0.418,0.066,0.084
22167,0.568,0.184,0.134,0.114
22168,0.092,0.1,0.574,0.234
22169,0.504,0.066,0.126,0.304
22170,0.062,0.338,0.492,0.108
22171,0.098,0.43,0.216,0.256
22172,0.188,0.12,0.102,0.59
22173,0.276,0.366,0.078,0.28
22174,0.486,0.126,0.106,0.282
22175,0.09,0.404,0.122,0.384
22176,0.224,0.112,0.196,0.468
22177,0.162,0.088,0.178,0.572
22178,0.266,0.304,0.17,0.26
22179,0.126,0.286,0.116,0.472
22180,0.178,0.17,0.464,0.188
22181,0.13,0.496,0.114,0.26
22182,0.334,0.094,0.2,0.372
22183,0.18,0.436,0.102,0.282
22184,0.234,0.11,0.136,0.52
22185,0.232,0.294,0.09,0.384
22186,0.124,0.422,0.1,0.354
22187,0.138,0.292,0.098,0.472
22188,0.25,0.176,0.238,0.336
22189,0.162,0.068,0.416,0.354
22190,0.104,0.42,0.106,0.37
22191,0.202,0.13,0.492,0.176
22192,0.088,0.128,0.202,0.582
22193,0.108,0.168,0.14,0.584
22194,0.22,0.208,0.068,0.504
22195,0.176,0.602,0.122,0.1
22196,0.208,0.118,0.104,0.57
22197,0.1,0.328,0.134,0.438
22198,0.124,0.144,0.126,0.606
22199,0.616,0.13,0.08,0.174
22200,0.44,0.076,0.106,0.378
22201,0.132,0.562,0.118,0.188
22202,0.528,0.212,0.098,0.162
22203,0.652,0.13,0.102,0.116
22204,0.156,0.22,0.066,0.558
22205,0.222,0.138,0.126,0.514
22206,0.094,0.098,0.368,0.44
22207,0.088,0.092,0.294,0.526
22208,0.248,0.2,0.066,0.486
22209,0.146,0.11,0.142,0.602
22210,0.114,0.172,0.17,0.544
22211,0.108,0.212,0.082,0.598
22212,0.11,0.288,0.304,0.298
22213,0.114,0.194,0.208,0.484
22214,0.088,0.208,0.396,0.308
22215,0.136,0.14,0.534,0.19
22216,0.42,0.186,0.152,0.242
22217,0.094,0.132,0.548,0.226
22218,0.094,0.278,0.094,0.534
22219,0.244,0.148,0.148,0.46
22220,0.612,0.092,0.142,0.154
22221,0.142,0.132,0.212,0.514
22222,0.614,0.106,0.166,0.114
22223,0.232,0.31,0.108,0.35
22224,0.23,0.116,0.184,0.47
22225,0.656,0.158,0.08,0.106
22226,0.106,0.09,0.64,0.164
22227,0.206,0.19,0.228,0.376
22228,0.102,0.508,0.142,0.248
22229,0.206,0.386,0.122,0.286
22230,0.212,0.112,0.534,0.142
22231,0.72,0.102,0.082,0.096
22232,0.452,0.126,0.09,0.332
22233,0.1,0.116,0.348,0.436
22234,0.41,0.408,0.074,0.108
22235,0.436,0.056,0.068,0.44
22236,0.73,0.074,0.058,0.138
22237,0.242,0.068,0.252,0.438
22238,0.054,0.142,0.624,0.18
22239,0.082,0.586,0.206,0.126
22240,0.098,0.258,0.308,0.336
22241,0.26,0.13,0.194,0.416
22242,0.448,0.172,0.064,0.316
22243,0.06,0.556,0.07,0.314
22244,0.25,0.522,0.054,0.174
22245,0.594,0.118,0.086,0.202
22246,0.058,0.542,0.098,0.302
22247,0.072,0.088,0.496,0.344
22248,0.49,0.066,0.368,0.076
22249,0.084,0.108,0.358,0.45
22250,0.428,0.098,0.138,0.336
22251,0.068,0.074,0.292,0.566
22252,0.09,0.094,0.464,0.352
22253,0.176,0.374,0.084,0.366
22254,0.064,0.106,0.292,0.538
22255,0.138,0.102,0.22,0.54
22256,0.222,0.074,0.162,0.542
22257,0.508,0.09,0.132,0.27
22258,0.086,0.294,0.234,0.386
22259,0.152,0.1,0.172,0.576
22260,0.082,0.084,0.238,0.596
22261,0.158,0.098,0.422,0.322
22262,0.286,0.192,0.114,0.408
22263,0.068,0.214,0.102,0.616
22264,0.384,0.162,0.088,0.366
22265,0.202,0.222,0.388,0.188
22266,0.194,0.088,0.232,0.486
22267,0.072,0.106,0.39,0.432
22268,0.22,0.208,0.12,0.452
22269,0.25,0.542,0.084,0.124
22270,0.16,0.144,0.372,0.324
22271,0.228,0.208,0.328,0.236
22272,0.184,0.36,0.09,0.366
22273,0.194,0.21,0.324,0.272
22274,0.23,0.404,0.1,0.266
22275,0.082,0.516,0.124,0.278
22276,0.104,0.238,0.368,0.29
22277,0.302,0.266,0.306,0.126
22278,0.112,0.312,0.268,0.308
22279,0.408,0.232,0.096,0.264
22280,0.244,0.122,0.248,0.386
22281,0.624,0.11,0.098,0.168
22282,0.098,0.318,0.492,0.092
22283,0.15,0.21,0.234,0.406
22284,0.25,0.224,0.378,0.148
22285,0.104,0.344,0.102,0.45
22286,0.208,0.092,0.336,0.364
22287,0.298,0.254,0.1,0.348
22288,0.3,0.294,0.174,0.232
22289,0.164,0.426,0.114,0.296
22290,0.246,0.116,0.368,0.27
22291,0.398,0.148,0.112,0.342
22292,0.314,0.136,0.146,0.404
22293,0.14,0.32,0.132,0.408
22294,0.286,0.242,0.156,0.316
22295,0.296,0.142,0.304,0.258
22296,0.188,0.148,0.282,0.382
22297,0.182,0.162,0.296,0.36
22298,0.128,0.288,0.324,0.26
22299,0.112,0.344,0.15,0.394
22300,0.514,0.244,0.094,0.148
22301,0.078,0.148,0.548,0.226
22302,0.16,0.35,0.104,0.386
22303,0.266,0.236,0.166,0.332
22304,0.124,0.314,0.084,0.478
22305,0.1,0.272,0.164,0.464
22306,0.186,0.214,0.466,0.134
22307,0.176,0.268,0.146,0.41
22308,0.122,0.23,0.22,0.428
22309,0.398,0.102,0.108,0.392
22310,0.25,0.098,0.214,0.438
22311,0.154,0.356,0.124,0.366
22312,0.436,0.138,0.114,0.312
22313,0.364,0.16,0.138,0.338
22314,0.252,0.256,0.138,0.354
22315,0.264,0.242,0.118,0.376
22316,0.08,0.384,0.132,0.404
22317,0.116,0.298,0.152,0.434
22318,0.136,0.106,0.39,0.368
22319,0.304,0.204,0.12,0.372
22320,0.14,0.254,0.306,0.3
22321,0.32,0.12,0.134,0.426
22322,0.108,0.136,0.436,0.32
22323,0.122,0.23,0.166,0.482
22324,0.118,0.29,0.268,0.324
22325,0.168,0.228,0.144,0.46
22326,0.404,0.124,0.238,0.234
22327,0.376,0.34,0.192,0.092
22328,0.208,0.138,0.396,0.258
22329,0.252,0.2,0.208,0.34
22330,0.326,0.108,0.262,0.304
22331,0.202,0.264,0.092,0.442
22332,0.138,0.112,0.31,0.44
22333,0.424,0.106,0.362,0.108
22334,0.126,0.066,0.51,0.298
22335,0.4,0.196,0.16,0.244
22336,0.422,0.29,0.126,0.162
22337,0.166,0.276,0.386,0.172
22338,0.142,0.368,0.106,0.384
22339,0.234,0.134,0.484,0.148
22340,0.118,0.346,0.084,0.452
22341,0.212,0.206,0.124,0.458
22342,0.28,0.3,0.29,0.13
22343,0.122,0.586,0.168,0.124
22344,0.138,0.522,0.226,0.114
22345,0.532,0.114,0.15,0.204
22346,0.334,0.19,0.138,0.338
22347,0.094,0.36,0.35,0.196
22348,0.132,0.222,0.464,0.182
22349,0.3,0.292,0.242,0.166
22350,0.312,0.208,0.344,0.136
22351,0.198,0.168,0.422,0.212
22352,0.518,0.142,0.164,0.176
22353,0.144,0.15,0.322,0.384
22354,0.172,0.464,0.142,0.222
22355,0.186,0.262,0.178,0.374
22356,0.12,0.162,0.458,0.26
22357,0.17,0.488,0.172,0.17
22358,0.528,0.158,0.162,0.152
22359,0.242,0.372,0.274,0.112
22360,0.174,0.434,0.136,0.256
22361,0.246,0.264,0.14,0.35
22362,0.198,0.182,0.304,0.316
22363,0.152,0.126,0.282,0.44
22364,0.21,0.236,0.302,0.252
22365,0.202,0.168,0.394,0.236
22366,0.474,0.206,0.246,0.074
22367,0.582,0.082,0.098,0.238
22368,0.212,0.57,0.066,0.152
22369,0.104,0.666,0.082,0.148
22370,0.202,0.398,0.134,0.266
22371,0.496,0.114,0.104,0.286
22372,0.31,0.456,0.084,0.15
22373,0.458,0.074,0.154,0.314
22374,0.226,0.606,0.068,0.1
22375,0.086,0.622,0.082,0.21
22376,0.38,0.078,0.086,0.456
22377,0.284,0.36,0.142,0.214
22378,0.116,0.092,0.68,0.112
22379,0.43,0.276,0.106,0.188
22380,0.094,0.114,0.456,0.336
22381,0.104,0.342,0.166,0.388
22382,0.07,0.518,0.092,0.32
22383,0.314,0.096,0.184,0.406
22384,0.288,0.48,0.048,0.184
22385,0.266,0.158,0.488,0.088
22386,0.156,0.224,0.542,0.078
22387,0.136,0.214,0.182,0.468
22388,0.556,0.24,0.084,0.12
22389,0.148,0.236,0.358,0.258
22390,0.15,0.276,0.076,0.498
22391,0.426,0.218,0.172,0.184
22392,0.12,0.306,0.198,0.376
22393,0.094,0.07,0.55,0.286
22394,0.078,0.252,0.258,0.412
22395,0.286,0.424,0.098,0.192
22396,0.102,0.102,0.248,0.548
22397,0.42,0.242,0.114,0.224
22398,0.274,0.048,0.38,0.298
22399,0.09,0.206,0.624,0.08
22400,0.094,0.2,0.594,0.112
22401,0.542,0.092,0.154,0.212
22402,0.208,0.348,0.194,0.25
22403,0.238,0.124,0.214,0.424
22404,0.394,0.11,0.346,0.15
22405,0.102,0.332,0.136,0.43
22406,0.118,0.442,0.132,0.308
22407,0.116,0.106,0.376,0.402
22408,0.074,0.168,0.632,0.126
22409,0.426,0.16,0.274,0.14
22410,0.136,0.542,0.218,0.104
22411,0.136,0.33,0.334,0.2
22412,0.162,0.178,0.54,0.12
22413,0.146,0.17,0.178,0.506
22414,0.202,0.574,0.094,0.13
22415,0.068,0.196,0.574,0.162
22416,0.106,0.158,0.57,0.166
22417,0.266,0.114,0.286,0.334
22418,0.14,0.428,0.228,0.204
22419,0.138,0.254,0.15,0.458
22420,0.156,0.332,0.206,0.306
22421,0.278,0.102,0.472,0.148
22422,0.13,0.258,0.098,0.514
22423,0.11,0.11,0.66,0.12
22424,0.438,0.154,0.158,0.25
22425,0.096,0.288,0.132,0.484
22426,0.258,0.206,0.142,0.394
22427,0.35,0.196,0.1,0.354
22428,0.1,0.334,0.104,0.462
22429,0.506,0.172,0.102,0.22
22430,0.09,0.108,0.552,0.25
22431,0.318,0.13,0.206,0.346
22432,0.262,0.472,0.104,0.162
22433,0.146,0.106,0.152,0.596
22434,0.314,0.154,0.146,0.386
22435,0.1,0.178,0.48,0.242
22436,0.1,0.498,0.144,0.258
22437,0.182,0.142,0.17,0.506
22438,0.194,0.12,0.102,0.584
22439,0.092,0.18,0.5,0.228
22440,0.204,0.366,0.238,0.192
22441,0.29,0.234,0.378,0.098
22442,0.15,0.256,0.422,0.172
22443,0.178,0.442,0.172,0.208
22444,0.226,0.174,0.404,0.196
22445,0.132,0.458,0.238,0.172
22446,0.164,0.35,0.346,0.14
22447,0.312,0.346,0.15,0.192
22448,0.104,0.314,0.426,0.156
22449,0.188,0.406,0.17,0.236
22450,0.222,0.254,0.222,0.302
22451,0.128,0.444,0.246,0.182
22452,0.194,0.396,0.15,0.26
22453,0.154,0.2,0.248,0.398
22454,0.348,0.38,0.15,0.122
22455,0.348,0.17,0.148,0.334
22456,0.284,0.216,0.27,0.23
22457,0.176,0.326,0.318,0.18
22458,0.13,0.406,0.258,0.206
22459,0.332,0.392,0.196,0.08
22460,0.272,0.192,0.404,0.132
22461,0.288,0.196,0.302,0.214
22462,0.33,0.328,0.14,0.202
22463,0.116,0.39,0.174,0.32
22464,0.238,0.27,0.134,0.358
22465,0.338,0.442,0.116,0.104
22466,0.22,0.26,0.194,0.326
22467,0.346,0.392,0.174,0.088
22468,0.238,0.176,0.33,0.256
22469,0.25,0.322,0.232,0.196
22470,0.228,0.37,0.162,0.24
22471,0.4,0.36,0.096,0.144
22472,0.1,0.394,0.244,0.262
22473,0.374,0.36,0.152,0.114
22474,0.53,0.126,0.194,0.15
22475,0.368,0.374,0.136,0.122
22476,0.226,0.128,0.368,0.278
22477,0.126,0.392,0.258,0.224
22478,0.162,0.066,0.492,0.28
22479,0.248,0.108,0.108,0.536
22480,0.088,0.196,0.236,0.48
22481,0.1,0.26,0.072,0.568
22482,0.164,0.21,0.086,0.54
22483,0.13,0.18,0.116,0.574
22484,0.176,0.176,0.07,0.578
22485,0.086,0.304,0.178,0.432
22486,0.082,0.13,0.354,0.434
22487,0.102,0.088,0.252,0.558
22488,0.09,0.1,0.346,0.464
22489,0.218,0.144,0.296,0.342
22490,0.092,0.332,0.106,0.47
22491,0.086,0.356,0.078,0.48
22492,0.11,0.258,0.28,0.352
22493,0.102,0.35,0.248,0.3
22494,0.114,0.11,0.298,0.478
22495,0.134,0.244,0.384,0.238
22496,0.26,0.096,0.132,0.512
22497,0.142,0.51,0.264,0.084
22498,0.12,0.19,0.242,0.448
22499,0.338,0.128,0.084,0.45
22500,0.522,0.14,0.096,0.242
22501,0.412,0.172,0.156,0.26
22502,0.192,0.182,0.104,0.522
22503,0.254,0.136,0.108,0.502
22504,0.11,0.358,0.108,0.424
22505,0.296,0.094,0.172,0.438
22506,0.28,0.228,0.252,0.24
22507,0.094,0.412,0.124,0.37
22508,0.094,0.608,0.088,0.21
22509,0.414,0.15,0.126,0.31
22510,0.104,0.64,0.092,0.164
22511,0.18,0.124,0.442,0.254
22512,0.22,0.108,0.256,0.416
22513,0.184,0.122,0.164,0.53
22514,0.128,0.552,0.118,0.202
22515,0.132,0.14,0.378,0.35
22516,0.086,0.426,0.196,0.292
22517,0.178,0.106,0.256,0.46
22518,0.152,0.216,0.15,0.482
22519,0.108,0.29,0.1,0.502
22520,0.352,0.28,0.08,0.288
22521,0.094,0.374,0.174,0.358
22522,0.082,0.142,0.454,0.322
22523,0.064,0.548,0.14,0.248
22524,0.13,0.126,0.302,0.442
22525,0.242,0.114,0.404,0.24
22526,0.354,0.274,0.072,0.3
22527,0.098,0.36,0.182,0.36
22528,0.114,0.092,0.484,0.31
22529,0.116,0.42,0.142,0.322
22530,0.136,0.142,0.176,0.546
22531,0.094,0.066,0.526,0.314
22532,0.192,0.228,0.078,0.502
22533,0.086,0.346,0.132,0.436
22534,0.202,0.24,0.112,0.446
22535,0.104,0.216,0.306,0.374
22536,0.102,0.348,0.222,0.328
22537,0.13,0.388,0.308,0.174
22538,0.084,0.346,0.108,0.462
22539,0.12,0.302,0.358,0.22
22540,0.116,0.21,0.114,0.56
22541,0.108,0.232,0.236,0.424
22542,0.14,0.196,0.352,0.312
22543,0.276,0.15,0.126,0.448
22544,0.076,0.076,0.572,0.276
22545,0.088,0.484,0.174,0.254
22546,0.392,0.388,0.094,0.126
22547,0.452,0.184,0.184,0.18
22548,0.108,0.11,0.506,0.276
22549,0.402,0.078,0.208,0.312
22550,0.07,0.288,0.516,0.126
22551,0.102,0.34,0.238,0.32
22552,0.178,0.15,0.136,0.536
22553,0.256,0.372,0.078,0.294
22554,0.116,0.108,0.476,0.3
22555,0.09,0.172,0.426,0.312
22556,0.148,0.66,0.142,0.05
22557,0.138,0.264,0.108,0.49
22558,0.214,0.106,0.654,0.026
22559,0.122,0.472,0.212,0.194
22560,0.074,0.184,0.122,0.62
22561,0.112,0.596,0.218,0.074
22562,0.386,0.348,0.214,0.052
22563,0.432,0.06,0.174,0.334
22564,0.41,0.07,0.158,0.362
22565,0.084,0.192,0.36,0.364
22566,0.418,0.364,0.186,0.032
22567,0.078,0.076,0.476,0.37
22568,0.194,0.104,0.09,0.612
22569,0.39,0.048,0.508,0.054
22570,0.15,0.314,0.098,0.438
22571,0.362,0.32,0.056,0.262
22572,0.144,0.494,0.048,0.314
22573,0.26,0.286,0.13,0.324
22574,0.184,0.104,0.278,0.434
22575,0.074,0.31,0.332,0.284
22576,0.304,0.436,0.074,0.186
22577,0.444,0.386,0.124,0.046
22578,0.066,0.33,0.526,0.078
22579,0.09,0.21,0.116,0.584
22580,0.394,0.236,0.272,0.098
22581,0.094,0.132,0.32,0.454
22582,0.278,0.114,0.522,0.086
22583,0.212,0.15,0.424,0.214
22584,0.08,0.332,0.368,0.22
22585,0.314,0.264,0.102,0.32
22586,0.06,0.66,0.082,0.198
22587,0.22,0.126,0.096,0.558
22588,0.238,0.096,0.264,0.402
22589,0.274,0.566,0.106,0.054
22590,0.086,0.072,0.286,0.556
22591,0.266,0.078,0.602,0.054
22592,0.18,0.436,0.254,0.13
22593,0.252,0.184,0.178,0.386
22594,0.138,0.156,0.418,0.288
22595,0.122,0.124,0.272,0.482
22596,0.37,0.244,0.232,0.154
22597,0.116,0.176,0.404,0.304
22598,0.078,0.394,0.11,0.418
22599,0.172,0.146,0.17,0.512
22600,0.124,0.264,0.14,0.472
22601,0.236,0.128,0.138,0.498
22602,0.4,0.198,0.07,0.332
22603,0.406,0.146,0.19,0.258
22604,0.148,0.276,0.324,0.252
22605,0.442,0.19,0.14,0.228
22606,0.222,0.204,0.394,0.18
22607,0.168,0.104,0.298,0.43
22608,0.132,0.396,0.116,0.356
22609,0.186,0.22,0.122,0.472
22610,0.09,0.46,0.116,0.334
22611,0.094,0.2,0.34,0.366
22612,0.074,0.136,0.348,0.442
22613,0.426,0.192,0.122,0.26
22614,0.476,0.194,0.164,0.166
22615,0.12,0.478,0.172,0.23
22616,0.564,0.102,0.148,0.186
22617,0.272,0.122,0.472,0.134
22618,0.402,0.094,0.27,0.234
22619,0.092,0.318,0.092,0.498
22620,0.106,0.51,0.1,0.284
22621,0.25,0.09,0.298,0.362
22622,0.234,0.246,0.134,0.386
22623,0.124,0.356,0.098,0.422
22624,0.108,0.338,0.09,0.464
22625,0.244,0.15,0.14,0.466
22626,0.336,0.12,0.18,0.364
22627,0.168,0.122,0.26,0.45
22628,0.092,0.224,0.5,0.184
22629,0.116,0.316,0.202,0.366
22630,0.252,0.364,0.254,0.13
22631,0.308,0.368,0.12,0.204
22632,0.192,0.264,0.19,0.354
22633,0.11,0.192,0.29,0.408
22634,0.154,0.404,0.164,0.278
22635,0.108,0.426,0.142,0.324
22636,0.182,0.474,0.14,0.204
22637,0.444,0.166,0.152,0.238
22638,0.23,0.266,0.184,0.32
22639,0.2,0.298,0.152,0.35
22640,0.126,0.202,0.418,0.254
22641,0.192,0.384,0.232,0.192
22642,0.168,0.284,0.148,0.4
22643,0.17,0.194,0.224,0.412
22644,0.09,0.318,0.454,0.138
22645,0.236,0.154,0.226,0.384
22646,0.174,0.192,0.278,0.356
22647,0.358,0.298,0.156,0.188
22648,0.464,0.282,0.106,0.148
22649,0.116,0.452,0.128,0.304
22650,0.118,0.376,0.138,0.368
22651,0.116,0.134,0.444,0.306
22652,0.136,0.172,0.182,0.51
22653,0.07,0.304,0.46,0.166
22654,0.128,0.17,0.178,0.524
22655,0.132,0.494,0.116,0.258
22656,0.14,0.238,0.398,0.224
22657,0.294,0.174,0.162,0.37
22658,0.15,0.158,0.2,0.492
22659,0.1,0.148,0.512,0.24
22660,0.49,0.196,0.114,0.2
22661,0.254,0.18,0.328,0.238
22662,0.078,0.196,0.59,0.136
22663,0.142,0.56,0.142,0.156
22664,0.116,0.512,0.11,0.262
22665,0.332,0.17,0.272,0.226
22666,0.21,0.318,0.12,0.352
22667,0.094,0.246,0.458,0.202
22668,0.15,0.212,0.16,0.478
22669,0.114,0.154,0.224,0.508
22670,0.14,0.31,0.15,0.4
22671,0.134,0.07,0.478,0.318
22672,0.256,0.104,0.206,0.434
22673,0.272,0.19,0.158,0.38
22674,0.134,0.164,0.456,0.246
22675,0.114,0.182,0.25,0.454
22676,0.138,0.412,0.086,0.364
22677,0.274,0.108,0.172,0.446
22678,0.176,0.222,0.224,0.378
22679,0.118,0.422,0.1,0.36
22680,0.106,0.222,0.244,0.428
22681,0.136,0.328,0.134,0.402
22682,0.3,0.402,0.056,0.242
22683,0.086,0.078,0.59,0.246
22684,0.14,0.34,0.196,0.324
22685,0.232,0.15,0.276,0.342
22686,0.506,0.1,0.082,0.312
22687,0.064,0.474,0.084,0.378
22688,0.642,0.144,0.168,0.046
22689,0.188,0.446,0.218,0.148
22690,0.082,0.374,0.406,0.138
22691,0.12,0.35,0.406,0.124
22692,0.056,0.434,0.088,0.422
22693,0.078,0.528,0.062,0.332
22694,0.526,0.088,0.21,0.176
22695,0.172,0.12,0.294,0.414
22696,0.082,0.5,0.056,0.362
22697,0.068,0.46,0.07,0.402
22698,0.352,0.206,0.054,0.388
22699,0.58,0.102,0.142,0.176
22700,0.436,0.088,0.08,0.396
22701,0.066,0.358,0.054,0.522
22702,0.22,0.074,0.544,0.162
22703,0.154,0.072,0.66,0.114
22704,0.05,0.444,0.08,0.426
22705,0.052,0.378,0.176,0.394
22706,0.312,0.084,0.316,0.288
22707,0.062,0.536,0.224,0.178
22708,0.064,0.292,0.412,0.232
22709,0.138,0.56,0.098,0.204
22710,0.164,0.206,0.106,0.524
22711,0.428,0.196,0.158,0.218
22712,0.164,0.212,0.068,0.556
22713,0.168,0.108,0.236,0.488
22714,0.116,0.158,0.516,0.21
22715,0.236,0.328,0.1,0.336
22716,0.152,0.154,0.248,0.446
22717,0.148,0.102,0.348,0.402
22718,0.256,0.126,0.162,0.456
22719,0.478,0.114,0.114,0.294
22720,0.086,0.284,0.25,0.38
22721,0.404,0.166,0.046,0.384
22722,0.18,0.162,0.238,0.42
22723,0.13,0.402,0.092,0.376
22724,0.184,0.108,0.6,0.108
22725,0.17,0.4,0.262,0.168
22726,0.152,0.526,0.104,0.218
22727,0.12,0.296,0.48,0.104
22728,0.108,0.458,0.208,0.226
22729,0.27,0.326,0.218,0.186
22730,0.158,0.322,0.184,0.336
22731,0.104,0.446,0.266,0.184
22732,0.256,0.32,0.158,0.266
22733,0.188,0.386,0.18,0.246
22734,0.112,0.46,0.12,0.308
22735,0.092,0.422,0.428,0.058
22736,0.118,0.258,0.326,0.298
22737,0.388,0.212,0.09,0.31
22738,0.4,0.098,0.214,0.288
22739,0.248,0.35,0.126,0.276
22740,0.138,0.526,0.2,0.136
22741,0.55,0.158,0.17,0.122
22742,0.146,0.292,0.482,0.08
22743,0.2,0.39,0.132,0.278
22744,0.208,0.466,0.146,0.18
22745,0.37,0.16,0.162,0.308
22746,0.158,0.416,0.238,0.188
22747,0.56,0.162,0.094,0.184
22748,0.35,0.088,0.454,0.108
22749,0.094,0.16,0.526,0.22
22750,0.15,0.29,0.462,0.098
22751,0.268,0.284,0.37,0.078
22752,0.362,0.124,0.328,0.186
22753,0.336,0.418,0.136,0.11
22754,0.372,0.402,0.182,0.044
22755,0.114,0.258,0.332,0.296
22756,0.264,0.228,0.242,0.266
22757,0.304,0.16,0.208,0.328
22758,0.104,0.338,0.466,0.092
22759,0.37,0.324,0.088,0.218
22760,0.09,0.178,0.512,0.22
22761,0.092,0.442,0.132,0.334
22762,0.138,0.2,0.552,0.11
22763,0.118,0.384,0.24,0.258
22764,0.242,0.466,0.084,0.208
22765,0.358,0.292,0.086,0.264
22766,0.426,0.232,0.204,0.138
22767,0.16,0.106,0.434,0.3
22768,0.098,0.178,0.398,0.326
22769,0.096,0.714,0.086,0.104
22770,0.44,0.142,0.11,0.308
22771,0.298,0.076,0.532,0.094
22772,0.476,0.148,0.186,0.19
22773,0.08,0.534,0.094,0.292
22774,0.078,0.402,0.26,0.26
22775,0.108,0.6,0.21,0.082
22776,0.224,0.304,0.156,0.316
22777,0.158,0.378,0.25,0.214
22778,0.104,0.17,0.432,0.294
22779,0.298,0.348,0.176,0.178
22780,0.29,0.36,0.214,0.136
22781,0.096,0.166,0.504,0.234
22782,0.094,0.076,0.364,0.466
22783,0.088,0.084,0.462,0.366
22784,0.118,0.438,0.092,0.352
22785,0.288,0.37,0.162,0.18
22786,0.168,0.04,0.226,0.566
22787,0.354,0.098,0.106,0.442
22788,0.498,0.078,0.112,0.312
22789,0.502,0.082,0.092,0.324
22790,0.062,0.396,0.412,0.13
22791,0.08,0.276,0.082,0.562
22792,0.036,0.078,0.734,0.152
22793,0.662,0.106,0.064,0.168
22794,0.064,0.28,0.322,0.334
22795,0.104,0.38,0.112,0.404
22796,0.484,0.078,0.104,0.334
22797,0.044,0.062,0.638,0.256
22798,0.076,0.084,0.324,0.516
22799,0.582,0.08,0.08,0.258
22800,0.346,0.062,0.316,0.276
22801,0.124,0.29,0.258,0.328
22802,0.094,0.292,0.214,0.4
22803,0.544,0.228,0.098,0.13
22804,0.254,0.1,0.304,0.342
22805,0.23,0.288,0.138,0.344
22806,0.138,0.432,0.086,0.344
22807,0.426,0.132,0.29,0.152
22808,0.11,0.458,0.18,0.252
22809,0.118,0.23,0.456,0.196
22810,0.18,0.44,0.172,0.208
22811,0.16,0.154,0.384,0.302
22812,0.156,0.33,0.15,0.364
22813,0.466,0.112,0.212,0.21
22814,0.236,0.504,0.104,0.156
22815,0.21,0.424,0.118,0.248
22816,0.184,0.25,0.14,0.426
22817,0.522,0.192,0.094,0.192
22818,0.112,0.474,0.216,0.198
22819,0.156,0.16,0.39,0.294
22820,0.14,0.288,0.39,0.182
22821,0.12,0.16,0.336,0.384
22822,0.276,0.09,0.324,0.31
22823,0.094,0.394,0.076,0.436
22824,0.09,0.474,0.132,0.304
22825,0.248,0.088,0.554,0.11
22826,0.138,0.11,0.192,0.56
22827,0.536,0.114,0.106,0.244
22828,0.09,0.212,0.622,0.076
22829,0.104,0.432,0.176,0.288
22830,0.112,0.11,0.638,0.14
22831,0.118,0.448,0.082,0.352
22832,0.128,0.096,0.55,0.226
22833,0.156,0.626,0.074,0.144
22834,0.118,0.082,0.226,0.574
22835,0.206,0.16,0.12,0.514
22836,0.16,0.422,0.098,0.32
22837,0.164,0.322,0.128,0.386
22838,0.282,0.204,0.106,0.408
22839,0.148,0.19,0.326,0.336
22840,0.478,0.082,0.12,0.32
22841,0.16,0.126,0.154,0.56
22842,0.398,0.084,0.16,0.358
22843,0.238,0.114,0.378,0.27
22844,0.228,0.16,0.508,0.104
22845,0.328,0.134,0.398,0.14
22846,0.098,0.518,0.182,0.202
22847,0.286,0.304,0.092,0.318
22848,0.248,0.254,0.078,0.42
22849,0.432,0.104,0.294,0.17
22850,0.218,0.138,0.444,0.2
22851,0.114,0.388,0.222,0.276
22852,0.376,0.238,0.176,0.21
22853,0.344,0.134,0.394,0.128
22854,0.136,0.322,0.116,0.426
22855,0.44,0.196,0.09,0.274
22856,0.106,0.188,0.41,0.296
22857,0.158,0.124,0.29,0.428
22858,0.194,0.21,0.408,0.188
22859,0.23,0.59,0.054,0.126
22860,0.134,0.224,0.198,0.444
22861,0.226,0.282,0.222,0.27
22862,0.156,0.242,0.132,0.47
22863,0.17,0.458,0.102,0.27
22864,0.122,0.296,0.146,0.436
22865,0.356,0.25,0.156,0.238
22866,0.142,0.096,0.352,0.41
22867,0.134,0.166,0.418,0.282
22868,0.1,0.186,0.254,0.46
22869,0.292,0.106,0.25,0.352
22870,0.398,0.148,0.174,0.28
22871,0.1,0.644,0.078,0.178
22872,0.144,0.466,0.116,0.274
22873,0.108,0.26,0.208,0.424
22874,0.16,0.366,0.09,0.384
22875,0.096,0.526,0.16,0.218
22876,0.12,0.548,0.104,0.228
22877,0.284,0.156,0.18,0.38
22878,0.194,0.104,0.464,0.238
22879,0.236,0.148,0.388,0.228
22880,0.22,0.218,0.424,0.138
22881,0.288,0.142,0.272,0.298
22882,0.166,0.496,0.122,0.216
22883,0.188,0.132,0.306,0.374
22884,0.18,0.172,0.392,0.256
22885,0.362,0.178,0.066,0.394
22886,0.256,0.128,0.112,0.504
22887,0.118,0.544,0.112,0.226
22888,0.502,0.166,0.128,0.204
22889,0.092,0.174,0.518,0.216
22890,0.262,0.516,0.104,0.118
22891,0.164,0.366,0.238,0.232
22892,0.316,0.16,0.328,0.196
22893,0.432,0.17,0.208,0.19
22894,0.122,0.16,0.18,0.538
22895,0.288,0.318,0.126,0.268
22896,0.372,0.486,0.05,0.092
22897,0.082,0.168,0.58,0.17
22898,0.11,0.224,0.424,0.242
22899,0.574,0.176,0.076,0.174
22900,0.406,0.09,0.096,0.408
22901,0.246,0.442,0.12,0.192
22902,0.072,0.53,0.144,0.254
22903,0.228,0.298,0.31,0.164
22904,0.716,0.098,0.084,0.102
22905,0.486,0.294,0.096,0.124
22906,0.59,0.216,0.056,0.138
22907,0.128,0.292,0.344,0.236
22908,0.402,0.326,0.192,0.08
22909,0.166,0.694,0.044,0.096
22910,0.406,0.256,0.116,0.222
22911,0.214,0.376,0.122,0.288
22912,0.166,0.664,0.098,0.072
22913,0.244,0.12,0.504,0.132
22914,0.098,0.256,0.38,0.266
22915,0.482,0.188,0.13,0.2
22916,0.186,0.33,0.144,0.34
22917,0.352,0.182,0.15,0.316
22918,0.43,0.16,0.134,0.276
22919,0.16,0.604,0.074,0.162
22920,0.096,0.164,0.558,0.182
22921,0.236,0.18,0.178,0.406
22922,0.128,0.396,0.076,0.4
22923,0.1,0.352,0.16,0.388
22924,0.502,0.112,0.17,0.216
22925,0.302,0.284,0.1,0.314
22926,0.296,0.104,0.314,0.286
22927,0.152,0.17,0.182,0.496
22928,0.368,0.268,0.132,0.232
22929,0.134,0.394,0.324,0.148
22930,0.124,0.328,0.316,0.232
22931,0.35,0.176,0.288,0.186
22932,0.168,0.148,0.158,0.526
22933,0.322,0.136,0.134,0.408
22934,0.24,0.134,0.218,0.408
22935,0.126,0.48,0.126,0.268
22936,0.46,0.146,0.188,0.206
22937,0.382,0.132,0.166,0.32
22938,0.51,0.196,0.096,0.198
