No,Ch1,Ch2,Ch3,Ch4
21566,0.142365307,0.055618774,0.427636153,0.374379766
21567,0.037329455,0.335054641,0.37598267,0.251633234
21568,0.390131274,0.355979583,0.074499712,0.179389431
21569,0.533463551,0.100228466,0.150218114,0.216089869
21570,0.107193337,0.366157188,0.269406212,0.257243263
21571,0.084427432,0.581082111,0.147635642,0.186854815
21572,0.116213612,0.057610728,0.497712432,0.328463227
21573,0.146595382,0.116617058,0.17065635,0.566131209
21574,0.110101666,0.251716739,0.395918092,0.242263503
21575,0.040971534,0.050740791,0.590998252,0.317289423
21576,0.286311612,0.16551818,0.295073296,0.253096913
21577,0.234258396,0.079331042,0.534371264,0.152039297
21578,0.389569634,0.219307364,0.102591328,0.288531675
21579,0.052237218,0.114551493,0.195009257,0.638202032
21580,0.029181053,0.432054794,0.297366207,0.241397946
21581,0.453693086,0.057560142,0.128987888,0.359758884
21582,0.09062262,0.206468535,0.286535996,0.416372848
21583,0.176991837,0.13268362,0.192756681,0.497567863
21584,0.214512045,0.248454727,0.042027295,0.495005933
21585,0.265257743,0.264494848,0.171448979,0.298798431
21586,0.220115329,0.330262292,0.21819734,0.231425039
21587,0.047695837,0.42513278,0.226043361,0.301128022
21588,0.028486711,0.069304509,0.445095091,0.457113689
21589,0.207674319,0.048600259,0.47465237,0.269073051
21590,0.032283387,0.136176336,0.446053934,0.385486343
21591,0.049441243,0.181959598,0.395795913,0.372803246
21592,0.141379825,0.217267338,0.122423201,0.518929636
21593,0.356695608,0.192596872,0.167275448,0.283432071
21594,0.123601131,0.135494749,0.217134672,0.523769448
21595,0.2868935,0.186968699,0.070583323,0.455554478
21596,0.145202051,0.549386955,0.07889748,0.226513514
21597,0.29206106,0.237436252,0.072072579,0.398430109
21598,0.087436198,0.363143253,0.325308411,0.224112138
21599,0.219483246,0.299729593,0.243122765,0.237664396
21600,0.099968973,0.228895928,0.094850554,0.576284545
21601,0.055607286,0.173920012,0.197569115,0.572903586
21602,0.042826233,0.316166418,0.339873965,0.301133383
21603,0.4130786,0.047041678,0.213549024,0.326330698
21604,0.024332125,0.212842521,0.366407996,0.396417358
21605,0.32283167,0.05092231,0.323824564,0.302421456
21606,0.203301401,0.036979191,0.397142165,0.362577243
21607,0.458922041,0.075603456,0.066147092,0.399327411
21608,0.313291749,0.410127045,0.032684688,0.243896518
21609,0.049107297,0.067401367,0.478508662,0.404982673
21610,0.274223192,0.329883891,0.059591097,0.336301819
21611,0.072253507,0.053979036,0.533886041,0.339881416
21612,0.283686997,0.250619991,0.247800485,0.217892527
21613,0.038660989,0.221485767,0.33362629,0.406226954
21614,0.089965293,0.346935848,0.359465619,0.20363324
21615,0.37322049,0.296127027,0.049906457,0.280746026
21616,0.374725548,0.021968027,0.383195127,0.220111298
21617,0.280228305,0.317596257,0.225679388,0.176496051
21618,0.194033707,0.125922473,0.280386882,0.399656937
21619,0.194994675,0.195509457,0.118788389,0.490707479
21620,0.074024462,0.559939265,0.087662451,0.278373823
21621,0.21876745,0.338217039,0.215212593,0.227802918
21622,0.164242247,0.225945447,0.15181422,0.457998086
21623,0.399605708,0.330041006,0.058719632,0.211633653
21624,0.57650592,0.081046508,0.112958235,0.229489337
21625,0.143869353,0.100236382,0.533174594,0.22271967
21626,0.647262908,0.054012884,0.098627483,0.200096725
21627,0.105845149,0.255589685,0.410345339,0.228219827
21628,0.098356332,0.566122344,0.159803658,0.175717666
21629,0.489216861,0.117851517,0.129731291,0.263200331
21630,0.232515702,0.207016936,0.219208172,0.341259189
21631,0.166499184,0.039627011,0.708719105,0.0851547
21632,0.059666477,0.231042101,0.443808547,0.265482875
21633,0.145216127,0.398418858,0.15142099,0.304944026
21634,0.114545982,0.670954551,0.089019179,0.125480288
21635,0.038736257,0.58356369,0.184662502,0.19303755
21636,0.661047228,0.077641423,0.084115713,0.177195636
21637,0.466018135,0.218707845,0.054976488,0.260297532
21638,0.056767775,0.328348502,0.482422029,0.132461694
21639,0.300318404,0.413051781,0.111082567,0.175547247
21640,0.464429523,0.205426122,0.081666805,0.248477549
21641,0.150245758,0.214848212,0.495501022,0.139405008
21642,0.30269329,0.275353628,0.187834919,0.234118163
21643,0.035623564,0.324280623,0.358281466,0.281814347
21644,0.291907168,0.248601739,0.220072289,0.239418805
21645,0.099806203,0.450506023,0.179594009,0.270093765
21646,0.176863482,0.221373815,0.368732681,0.233030022
21647,0.21998077,0.190127862,0.392797363,0.197094004
21648,0.331879727,0.111549797,0.360377639,0.196192837
21649,0.357514498,0.13238828,0.373337121,0.136760102
21650,0.144444366,0.286990052,0.365517942,0.20304764
21651,0.424547949,0.062357542,0.174649254,0.338445255
21652,0.072234935,0.114443464,0.334320382,0.479001219
21653,0.597040807,0.162649348,0.107894679,0.132415165
21654,0.507401241,0.158126217,0.120200765,0.214271777
21655,0.357170362,0.024637741,0.478288706,0.139903191
21656,0.412507575,0.12986905,0.210600117,0.247023258
21657,0.433123397,0.074395462,0.168077758,0.324403383
21658,0.408208331,0.104647418,0.313240406,0.173903844
21659,0.433272284,0.124921611,0.162576874,0.279229231
21660,0.143251745,0.122097781,0.375582805,0.359067668
21661,0.058185354,0.265950612,0.188064043,0.48779999
21662,0.039966931,0.594462644,0.033641908,0.331928517
21663,0.122520982,0.099956331,0.473238997,0.30428369
21664,0.048161507,0.279851226,0.185109179,0.486878088
21665,0.293338866,0.214605767,0.123675939,0.368379428
21666,0.055944271,0.36472374,0.196443294,0.382888695
21667,0.043664876,0.408669406,0.172910926,0.374754792
21668,0.250391462,0.146264633,0.162347845,0.44099606
21669,0.175336802,0.175399083,0.077617245,0.571646871
21670,0.132413957,0.398234068,0.072732832,0.396619143
21671,0.065770774,0.303958348,0.415057098,0.215213781
21672,0.03092756,0.191879611,0.487207233,0.289985596
21673,0.352985576,0.083603769,0.041509614,0.521901041
21674,0.345591074,0.091724539,0.2723437,0.290340688
21675,0.186303802,0.157306754,0.123372082,0.533017362
21676,0.080440638,0.338504164,0.072761996,0.508293203
21677,0.410438923,0.056396939,0.319628324,0.213535814
21678,0.104828979,0.426518393,0.27392079,0.194731838
21679,0.178167155,0.334099122,0.071458577,0.416275146
21680,0.163802872,0.080366967,0.548559293,0.207270868
21681,0.262505177,0.070635805,0.256431987,0.410427031
21682,0.378982394,0.229299264,0.058781257,0.332937084
21683,0.267852399,0.050866225,0.339499609,0.341781767
21684,0.34847934,0.07398653,0.261402056,0.316132074
21685,0.204429577,0.252073604,0.157284255,0.386212564
21686,0.064987858,0.380352016,0.272338168,0.282321958
21687,0.11854744,0.08884072,0.440473483,0.352138357
21688,0.19157326,0.21752056,0.119290897,0.471615284
21689,0.17690634,0.52822999,0.091787036,0.203076634
21690,0.691119999,0.122683724,0.024350303,0.161845973
21691,0.13289328,0.456895864,0.131620713,0.278590143
21692,0.050728072,0.245498159,0.519660816,0.184112953
21693,0.0749579,0.634048908,0.062761813,0.228231378
21694,0.140964149,0.253800276,0.253500339,0.351735236
21695,0.314245457,0.352311304,0.215792036,0.117651203
21696,0.522316813,0.150989556,0.036097883,0.290595749
21697,0.382087933,0.087753009,0.296842487,0.23331657
21698,0.118199164,0.042371856,0.701818052,0.137610927
21699,0.161671367,0.498136533,0.034259991,0.305932108
21700,0.25239474,0.28909152,0.242177541,0.216336199
21701,0.425003526,0.15131534,0.147300423,0.276380711
21702,0.025605866,0.617662698,0.102020852,0.254710584
21703,0.107492323,0.376445841,0.136196587,0.379865248
21704,0.088962143,0.213008237,0.414346476,0.283683144
21705,0.226144934,0.045851117,0.383997542,0.344006407
21706,0.116596588,0.369636435,0.096616718,0.41715026
21707,0.114948655,0.478078095,0.181968494,0.225004756
21708,0.04759811,0.511632976,0.101495925,0.33927299
21709,0.333825972,0.164899998,0.087575872,0.413698158
21710,0.41179712,0.075278905,0.131923488,0.381000487
21711,0.060594948,0.465783284,0.242717908,0.23090386
21712,0.10003906,0.256966498,0.08306054,0.559933902
21713,0.511046497,0.068681871,0.137679373,0.282592259
21714,0.078676482,0.706050526,0.033968192,0.1813048
21715,0.376208473,0.135576387,0.192738262,0.295476879
21716,0.198237439,0.198650568,0.202019177,0.401092816
21717,0.196371003,0.039688831,0.455402072,0.308538093
21718,0.32474618,0.463420438,0.030776451,0.181056931
21719,0.219011077,0.25365066,0.202036588,0.325301675
21720,0.438563427,0.169919354,0.08240963,0.30910759
21721,0.097459417,0.240919894,0.3307745,0.330846189
21722,0.513346596,0.275887892,0.033013642,0.17775187
21723,0.062862686,0.310663409,0.205950255,0.420523651
21724,0.303044491,0.151911267,0.290174239,0.254870003
21725,0.092300095,0.293326807,0.214387921,0.399985178
21726,0.033633091,0.50246662,0.282241466,0.181658823
21727,0.248430279,0.038984216,0.562347908,0.150237598
21728,0.092948653,0.128174395,0.451685908,0.327191044
21729,0.179192912,0.251774418,0.238331387,0.330701284
21730,0.475072277,0.082335734,0.062463187,0.380128802
21731,0.278390278,0.13882313,0.265548538,0.317238054
21732,0.309125569,0.273088265,0.118025654,0.299760512
21733,0.296845182,0.429579708,0.102936012,0.170639098
21734,0.035719392,0.551795352,0.18399178,0.228493476
21735,0.298086729,0.365635432,0.086907598,0.249370241
21736,0.505340731,0.176602319,0.130625694,0.187431256
21737,0.324504564,0.067455919,0.43658015,0.171459366
21738,0.266298189,0.278934862,0.29002783,0.164739119
21739,0.082568195,0.411604017,0.301051195,0.204776592
21740,0.047756506,0.799042119,0.10111814,0.052083235
21741,0.05465832,0.526248235,0.176207525,0.242885921
21742,0.217563422,0.097986977,0.440899849,0.243549752
21743,0.354316708,0.387233893,0.047468498,0.210980901
21744,0.279350759,0.133121953,0.436495229,0.151032058
21745,0.260935161,0.15760477,0.315210176,0.266249894
21746,0.188293757,0.550239176,0.063131974,0.198335093
21747,0.494062285,0.212362124,0.112053631,0.18152196
21748,0.362595239,0.330125924,0.117232864,0.190045973
21749,0.059007226,0.51737658,0.268023478,0.155592716
21750,0.084409242,0.090075909,0.485646254,0.339868595
21751,0.417072548,0.031357159,0.392432164,0.159138129
21752,0.373084215,0.103435853,0.179000656,0.344479275
21753,0.243652023,0.185378305,0.345900211,0.225069461
21754,0.063813998,0.556751631,0.141090996,0.238343375
21755,0.173759215,0.285462854,0.255505355,0.285272577
21756,0.153356916,0.351861667,0.162515286,0.332266132
21757,0.148901493,0.526479614,0.03145317,0.293165724
21758,0.235740652,0.216367675,0.228193691,0.319697982
21759,0.267391272,0.32411749,0.234507415,0.173983823
21760,0.165288301,0.070588354,0.416305105,0.347818239
21761,0.10905743,0.210977583,0.393419591,0.286545396
21762,0.036857729,0.658154396,0.02959151,0.275396365
21763,0.524302796,0.06782675,0.051377096,0.356493358
21764,0.217955534,0.044442455,0.53141103,0.206190982
21765,0.468178665,0.130746075,0.128794079,0.27228118
21766,0.124383255,0.387855526,0.056636445,0.431124774
21767,0.094076016,0.189749328,0.354453701,0.361720954
21768,0.222448393,0.244048525,0.303363081,0.23014
21769,0.252948048,0.171010075,0.129607859,0.446434018
21770,0.150255914,0.294180951,0.261565087,0.293998049
21771,0.056740568,0.129106252,0.464965399,0.349187781
21772,0.104625072,0.296802578,0.263490151,0.335082199
21773,0.097271362,0.418291582,0.062783397,0.421653659
21774,0.037723731,0.142312088,0.58144167,0.238522511
21775,0.194852566,0.385407273,0.183689263,0.236050898
21776,0.380278982,0.23450333,0.155599203,0.229618485
21777,0.067782781,0.055578145,0.547183488,0.329455587
21778,0.279927875,0.21427748,0.187236782,0.318557864
21779,0.267449411,0.302142721,0.095819831,0.334588037
21780,0.200032413,0.138197995,0.508788303,0.152981289
21781,0.109875528,0.077282003,0.557590003,0.255252466
21782,0.367032551,0.019503745,0.375715488,0.237748216
21783,0.359234631,0.118938971,0.155374695,0.366451703
21784,0.471619021,0.301442465,0.051168921,0.175769593
21785,0.169987217,0.535879629,0.223450204,0.07068295
21786,0.120467514,0.099639133,0.282060823,0.49783253
21787,0.068685088,0.590202096,0.048292422,0.292820394
21788,0.443202634,0.283954484,0.059242853,0.213600029
21789,0.119059687,0.302044454,0.295041001,0.283854858
21790,0.602203608,0.122693625,0.108562404,0.166540363
21791,0.299008092,0.189872882,0.166870613,0.344248414
21792,0.056198957,0.307035019,0.482761475,0.154004549
21793,0.150910592,0.284864395,0.368340375,0.195884639
21794,0.02600839,0.519509435,0.258560917,0.195921258
21795,0.228603719,0.030240855,0.492111898,0.249043527
21796,0.302803534,0.294816919,0.123984276,0.278395272
21797,0.257867323,0.328845418,0.183950798,0.22933646
21798,0.346669393,0.048820854,0.418770502,0.185739251
21799,0.113229985,0.143683136,0.202601574,0.540485306
21800,0.072627157,0.099677742,0.335396208,0.492298893
21801,0.147962475,0.112641499,0.330303224,0.409092802
21802,0.044401166,0.216756243,0.439975593,0.298866999
21803,0.115263225,0.114533167,0.584868577,0.185335031
21804,0.150514945,0.396601138,0.245847987,0.20703593
21805,0.536949429,0.054114959,0.123581026,0.285354586
21806,0.090633061,0.381904442,0.257904478,0.269558019
21807,0.129013508,0.459362596,0.168359779,0.243264116
21808,0.274989439,0.095898901,0.173173744,0.455937915
21809,0.47893857,0.072955101,0.070385537,0.377720793
21810,0.558366276,0.065023166,0.257427964,0.119182593
21811,0.231792011,0.39071508,0.283227038,0.094265871
21812,0.205261413,0.083593873,0.455750904,0.255393809
21813,0.176654564,0.537059254,0.070564061,0.21572212
21814,0.144552978,0.177620686,0.36117696,0.316649377
21815,0.243728018,0.052310054,0.375656686,0.328305242
21816,0.250938515,0.450086515,0.031440862,0.267534108
21817,0.028625121,0.056025044,0.683425048,0.231924787
21818,0.070545773,0.126248274,0.354748195,0.448457757
21819,0.233956717,0.21478184,0.127908178,0.423353264
21820,0.486303981,0.125634876,0.124042149,0.264018994
21821,0.178841402,0.118267424,0.481675297,0.221215877
21822,0.320169693,0.467832223,0.046660475,0.165337609
21823,0.098904485,0.402266656,0.327930458,0.170898401
21824,0.118479809,0.584396654,0.207100762,0.090022776
21825,0.057172611,0.529854735,0.129747677,0.283224977
21826,0.226231823,0.363002704,0.265044135,0.145721338
21827,0.07368336,0.075400086,0.693417371,0.157499183
21828,0.080117627,0.489379124,0.124205384,0.306297865
21829,0.079391984,0.074358344,0.466293298,0.379956373
21830,0.033003015,0.064441859,0.559290959,0.343264166
21831,0.232984133,0.333311632,0.14111631,0.292587925
21832,0.246130882,0.463730779,0.057007003,0.233131336
21833,0.490174187,0.052095343,0.283868006,0.173862464
21834,0.436615359,0.216990287,0.114475406,0.231918949
21835,0.073201127,0.408543728,0.09295943,0.425295716
21836,0.073170499,0.079810141,0.654317835,0.192701525
21837,0.16472152,0.059490132,0.489432717,0.286355631
21838,0.331637792,0.083314618,0.298464716,0.286582875
21839,0.131272921,0.511450949,0.208634223,0.148641907
21840,0.516455969,0.03534095,0.248751357,0.199451725
21841,0.47829811,0.190356208,0.114420073,0.216925609
21842,0.059382431,0.187484072,0.494998219,0.258135277
21843,0.509157984,0.076800794,0.075308503,0.338732718
21844,0.049429586,0.521613,0.153815192,0.275142222
21845,0.284575699,0.185530626,0.352991533,0.176902143
21846,0.063365736,0.396081238,0.217681323,0.322871704
21847,0.233032318,0.095425889,0.503147412,0.16839438
21848,0.119343346,0.203386032,0.073088644,0.604181978
21849,0.45768354,0.330431411,0.04582338,0.166061669
21850,0.45045954,0.179066626,0.056083545,0.314390288
21851,0.122653778,0.499538378,0.038042907,0.339764937
21852,0.350991141,0.131135675,0.274708529,0.243164655
21853,0.077088923,0.104713899,0.442275644,0.375921535
21854,0.368835507,0.102075933,0.114045716,0.415042845
21855,0.134820854,0.461592227,0.062379052,0.341207866
21856,0.348689318,0.199704168,0.200796782,0.250809732
21857,0.076997638,0.566869237,0.072034149,0.284098976
21858,0.405260087,0.069649907,0.041485161,0.483604846
21859,0.281108032,0.096656314,0.076586435,0.545649219
21860,0.344740552,0.389860312,0.052859828,0.212539308
21861,0.100589659,0.107284539,0.526716992,0.265408809
21862,0.019099955,0.324860415,0.386715693,0.269323937
21863,0.062370718,0.354461509,0.204622497,0.378545276
21864,0.235775545,0.381616268,0.025176958,0.357431229
21865,0.104612334,0.374743457,0.354204303,0.166439905
21866,0.157968699,0.128871461,0.43869839,0.274461449
21867,0.052150559,0.081399347,0.323224878,0.543225217
21868,0.103191809,0.096214969,0.547271222,0.253322
21869,0.314453934,0.065188347,0.164215017,0.456142702
21870,0.269448227,0.141612804,0.300655275,0.288283694
21871,0.773156353,0.070287665,0.025758205,0.130797777
21872,0.029160468,0.438029832,0.353578226,0.179231474
21873,0.334424454,0.24091541,0.252523955,0.17213618
21874,0.057801808,0.649340709,0.126955233,0.16590225
21875,0.325602124,0.429503641,0.062621536,0.182272699
21876,0.465104331,0.12240086,0.151086152,0.261408657
21877,0.074761061,0.555704416,0.104629384,0.264905138
21878,0.332282136,0.540918791,0.045557252,0.08124182
21879,0.302259364,0.250414654,0.095178104,0.352147879
21880,0.441829207,0.080228498,0.259862785,0.21807951
21881,0.104349589,0.386884612,0.239845201,0.268920598
21882,0.278224087,0.240334842,0.293845448,0.187595623
21883,0.045867774,0.441662376,0.185840704,0.326629146
21884,0.210522135,0.519009091,0.031078762,0.239390013
21885,0.081622133,0.527495504,0.059067697,0.331814666
21886,0.298532185,0.371356319,0.110142311,0.219969185
21887,0.125130636,0.079219179,0.425668609,0.369981575
21888,0.048880119,0.365937937,0.388685159,0.196496784
21889,0.158181621,0.34520154,0.269401889,0.22721495
21890,0.240374307,0.181677129,0.296625805,0.281322759
21891,0.504879865,0.018361576,0.3373673,0.139391259
21892,0.141335561,0.339385653,0.137210443,0.382068344
21893,0.107163708,0.468817918,0.127691875,0.296326499
21894,0.181600349,0.105263621,0.37548717,0.33764886
21895,0.05083601,0.049037978,0.759782472,0.14034354
21896,0.321105681,0.200163062,0.327912433,0.150818823
21897,0.242344752,0.370372033,0.32714435,0.060138866
21898,0.186083294,0.195354028,0.34395749,0.274605188
21899,0.316798153,0.138314237,0.394384557,0.150503053
21900,0.082985095,0.14012302,0.147500925,0.62939096
21901,0.217440319,0.556485754,0.02978298,0.196290947
21902,0.058807207,0.208864607,0.541934566,0.19039362
21903,0.058879693,0.092769871,0.653583527,0.194766909
21904,0.278051695,0.054998146,0.390357515,0.276592644
21905,0.022013099,0.537412765,0.245446452,0.195127684
21906,0.119474113,0.270029951,0.111038813,0.499457123
21907,0.075361981,0.420374766,0.255296383,0.24896687
21908,0.263574768,0.158716524,0.300019621,0.277689087
21909,0.225698001,0.085345806,0.441727105,0.247229088
21910,0.466623005,0.130049474,0.151378327,0.251949194
21911,0.2485713,0.434298675,0.123031539,0.194098486
21912,0.190527406,0.495583115,0.061559832,0.252329647
21913,0.15523708,0.367429123,0.159521618,0.317812179
21914,0.157751747,0.18032036,0.173319413,0.48860848
21915,0.256537192,0.039194899,0.345935836,0.358332073
21916,0.08938526,0.086775586,0.232329509,0.591509645
21917,0.167030952,0.133298358,0.242841035,0.456829655
21918,0.061555532,0.068830736,0.633548618,0.236065115
21919,0.17543797,0.043280987,0.612301754,0.168979288
21920,0.201642012,0.214511741,0.201275229,0.382571018
21921,0.133675899,0.540840499,0.147725845,0.177757757
21922,0.456045975,0.154447474,0.074511752,0.314994799
21923,0.203733121,0.091593665,0.305107496,0.399565719
21924,0.244279844,0.098125814,0.208036646,0.449557695
21925,0.400440864,0.166294654,0.287114358,0.146150123
21926,0.453455753,0.072021181,0.140405611,0.334117455
21927,0.141723845,0.134179271,0.537609273,0.186487611
21928,0.173533142,0.50219051,0.046985204,0.277291144
21929,0.126568996,0.121397536,0.128809198,0.62322427
21930,0.049522694,0.317182471,0.301641695,0.331653141
21931,0.229090472,0.344725858,0.06073392,0.36544975
21932,0.121529866,0.040953552,0.580339021,0.257177561
21933,0.083393256,0.504519271,0.078134896,0.333952576
21934,0.142111181,0.309537767,0.270668657,0.277682394
21935,0.183157519,0.327715923,0.126605599,0.362520959
21936,0.204817106,0.249862463,0.22160632,0.323714112
21937,0.062798791,0.132366448,0.521242006,0.283592755
21938,0.033344211,0.596652189,0.146313362,0.223690238
21939,0.104732019,0.371086139,0.149116312,0.375065531
21940,0.43161245,0.271959968,0.097248547,0.199179035
21941,0.130294624,0.069208377,0.319586111,0.480910888
21942,0.145916667,0.431107172,0.218771053,0.204205107
21943,0.086824044,0.394558312,0.132437355,0.386180288
21944,0.077688173,0.313878351,0.32287772,0.285555756
21945,0.09342811,0.310454904,0.115618501,0.480498485
21946,0.355054104,0.163438996,0.131906564,0.349600336
21947,0.437785573,0.120634074,0.076874909,0.364705445
21948,0.092989377,0.433046842,0.260756099,0.213207682
21949,0.071786773,0.321037371,0.159939751,0.447236105
21950,0.069401614,0.380967713,0.115715633,0.43391504
21951,0.1487887,0.197093318,0.249211539,0.404906442
21952,0.38226531,0.069179785,0.078866263,0.469688642
21953,0.376836307,0.251319079,0.06125898,0.310585634
21954,0.151651995,0.114834695,0.156502284,0.577011026
21955,0.322404071,0.090644272,0.222265821,0.364685836
21956,0.073593001,0.120845109,0.170132116,0.635429774
21957,0.324675991,0.08916238,0.217744236,0.368417393
21958,0.027721084,0.58413338,0.104905275,0.283240261
21959,0.076824621,0.106271684,0.128038981,0.688864715
21960,0.18751467,0.435287992,0.05241807,0.324779267
21961,0.159409347,0.074706049,0.26721572,0.498668883
21962,0.644121283,0.150930479,0.051513684,0.153434554
21963,0.040912914,0.397776085,0.289099756,0.272211244
21964,0.176760506,0.025350422,0.606127764,0.191761308
21965,0.121428624,0.122992435,0.388829687,0.366749253
21966,0.096332369,0.091821386,0.404945802,0.406900442
21967,0.468501846,0.022050823,0.279952354,0.229494977
21968,0.277531523,0.522911223,0.048149695,0.151407559
21969,0.055069596,0.19868613,0.274203933,0.47204034
21970,0.207874587,0.177171907,0.157048112,0.457905394
21971,0.27853678,0.270854765,0.333633015,0.11697544
21972,0.444147922,0.126727377,0.177684471,0.25144023
21973,0.399069426,0.194319145,0.046391409,0.36022002
21974,0.508763133,0.179742744,0.07886619,0.232627933
21975,0.077444619,0.125768268,0.332497114,0.464289999
21976,0.331994212,0.341365,0.220574805,0.106065984
21977,0.159186684,0.437858413,0.203974281,0.198980623
21978,0.276038905,0.071977939,0.346068922,0.305914235
21979,0.255096246,0.382489785,0.095861925,0.266552045
21980,0.084726769,0.472508009,0.157765489,0.284999733
21981,0.100928586,0.505013081,0.223324924,0.170733408
21982,0.189274378,0.311777151,0.274198015,0.224750457
21983,0.070143416,0.140011808,0.319313349,0.470531427
21984,0.058965894,0.207926671,0.219432055,0.51367538
21985,0.041036041,0.530178346,0.036850302,0.391935312
21986,0.12677195,0.074499764,0.52288263,0.275845656
21987,0.04517183,0.296550281,0.176874188,0.481403701
21988,0.313019118,0.189696306,0.154137788,0.343146789
21989,0.065089089,0.364532678,0.218819575,0.351558657
21990,0.045051507,0.424402351,0.210456568,0.320089574
21991,0.217700799,0.116405526,0.144754673,0.521139002
21992,0.154341966,0.146302568,0.071681924,0.627673542
21993,0.107235968,0.384851757,0.083737425,0.42417485
21994,0.078132281,0.283213934,0.443460415,0.19519337
21995,0.032360731,0.167730856,0.44032657,0.359581843
21996,0.33650696,0.129788925,0.063231142,0.470472974
21997,0.344161346,0.073614695,0.227380587,0.354843372
21998,0.189896051,0.168313219,0.149146674,0.492644056
21999,0.093569829,0.330610503,0.074957918,0.50086175
22000,0.399267717,0.041362764,0.308526573,0.250842946
22001,0.105073759,0.412433851,0.33620045,0.146291941
22002,0.165814755,0.2659514,0.074952934,0.493280911
22003,0.05951344,0.283029451,0.526285121,0.131171989
22004,0.489055938,0.097054211,0.077392575,0.336497275
22005,0.193104249,0.131663376,0.318837727,0.356394648
22006,0.091759569,0.329004988,0.252704874,0.326530568
22007,0.218070707,0.419205394,0.226701523,0.136022375
22008,0.051087916,0.131804972,0.554964028,0.262143084
22009,0.41697897,0.111472269,0.155726009,0.315822752
22010,0.166518499,0.631532093,0.03451808,0.167431328
22011,0.083242418,0.315267903,0.334824077,0.266665602
22012,0.260288217,0.177349792,0.211688771,0.350673221
22013,0.323105858,0.087943793,0.453537059,0.13541329
22014,0.177930856,0.088269564,0.56971183,0.16408775
22015,0.133319277,0.134361474,0.337647109,0.39467214
22016,0.100135501,0.399663594,0.062675292,0.437525613
22017,0.061033108,0.690925624,0.069081064,0.178960204
22018,0.225451137,0.154635093,0.453021934,0.166891836
22019,0.255585059,0.095415048,0.288912549,0.360087344
22020,0.182534081,0.251817598,0.284215169,0.281433151
22021,0.069699992,0.343736257,0.304185136,0.282378615
22022,0.46833966,0.02408874,0.165974099,0.341597501
22023,0.373570908,0.014212032,0.283474295,0.328742764
22024,0.308234825,0.061484059,0.1233274,0.506953716
22025,0.400038128,0.184489624,0.07271493,0.342757317
22026,0.531608425,0.13879058,0.05628033,0.273320665
22027,0.392848354,0.150022937,0.103485447,0.353643262
22028,0.342158359,0.103532848,0.050449928,0.503858864
22029,0.062763147,0.075266568,0.121436191,0.740534095
22030,0.52243137,0.018183437,0.262966361,0.196418832
22031,0.235190355,0.219782963,0.099353214,0.445673468
22032,0.104539969,0.205518595,0.096995137,0.592946298
22033,0.066616976,0.136922832,0.541677151,0.254783042
22034,0.678786102,0.042219042,0.059675213,0.219319642
22035,0.190648854,0.111656252,0.135321257,0.562373637
22036,0.413371365,0.250795936,0.083117753,0.252714946
22037,0.209627137,0.163364259,0.058299576,0.568709028
22038,0.157944834,0.355035493,0.074664398,0.412355275
22039,0.432578201,0.319522861,0.020623397,0.227275541
22040,0.212410805,0.300596489,0.173677764,0.313314942
22041,0.135842549,0.038925329,0.633185119,0.192047002
22042,0.212030631,0.259103411,0.261707968,0.26715799
22043,0.153369066,0.643939464,0.060163732,0.142527738
22044,0.10015998,0.181210076,0.278412219,0.440217725
22045,0.083275501,0.399379661,0.105435185,0.411909652
22046,0.153190453,0.258903729,0.312389394,0.275516425
22047,0.22534837,0.443259273,0.060370399,0.271021958
22048,0.135928582,0.657270701,0.034384378,0.172416338
22049,0.110689417,0.67573531,0.041964552,0.171610721
22050,0.215332805,0.334608595,0.364326509,0.085732091
22051,0.042605859,0.114416399,0.598318842,0.244658899
22052,0.17766136,0.304518356,0.31580527,0.202015013
22053,0.042487976,0.638077157,0.125792098,0.193642768
22054,0.089678521,0.033547743,0.60400618,0.272767556
22055,0.327817303,0.079094561,0.478569884,0.114518251
22056,0.284484066,0.034223138,0.456933158,0.224359638
22057,0.273376236,0.134904497,0.26858089,0.323138377
22058,0.22375812,0.570679795,0.078347901,0.127214184
22059,0.210467243,0.440297669,0.098249648,0.25098544
22060,0.235863585,0.27064647,0.07248925,0.421000694
22061,0.075010499,0.176346293,0.496197664,0.252445544
22062,0.077263296,0.427508432,0.2429159,0.252312372
22063,0.027607316,0.516558041,0.309969209,0.145865435
22064,0.398930881,0.207655701,0.140881834,0.252531583
22065,0.149931438,0.216696058,0.348966225,0.284406279
22066,0.335932927,0.175141825,0.160119554,0.328805694
22067,0.353258853,0.236671471,0.04845024,0.361619436
22068,0.149017951,0.587824072,0.019935014,0.243222963
22069,0.065847475,0.46103638,0.154844428,0.318271718
22070,0.327058826,0.129490666,0.141891873,0.401558634
22071,0.290186227,0.283911295,0.090388212,0.335514267
22072,0.036195217,0.571121652,0.159378093,0.233305038
22073,0.304690851,0.164980501,0.258599081,0.271729567
22074,0.028464201,0.581207852,0.106116768,0.284211179
22075,0.120372358,0.231425673,0.261049329,0.38715264
22076,0.435765365,0.188180029,0.119051733,0.257002873
22077,0.243198041,0.123363509,0.121634404,0.511804046
22078,0.479912209,0.174893346,0.103565908,0.241628536
22079,0.388309162,0.051248814,0.057075898,0.503366125
22080,0.200288032,0.091600624,0.365827137,0.342284208
22081,0.080250518,0.488292753,0.090937493,0.340519236
22082,0.358182328,0.148452793,0.184755803,0.308609075
22083,0.030935526,0.453690712,0.22196579,0.293407973
22084,0.236868,0.184894104,0.070235453,0.508002443
22085,0.266984382,0.139962925,0.16257391,0.430478783
22086,0.0975038,0.412699882,0.074266643,0.415529675
22087,0.060819626,0.083888953,0.379579922,0.475711499
22088,0.150423081,0.228278885,0.143369032,0.477929002
22089,0.029519466,0.46769345,0.240882853,0.261904231
22090,0.114584494,0.221836555,0.264458776,0.399120174
22091,0.056688527,0.131712648,0.48430573,0.327293094
22092,0.504277482,0.24649047,0.042139277,0.207092771
22093,0.067968635,0.145794844,0.326626103,0.459610418
22094,0.132475851,0.107139894,0.347589491,0.412794765
22095,0.106196814,0.276999362,0.22733374,0.389470084
22096,0.193443226,0.065559489,0.414383167,0.326614118
22097,0.445869572,0.039978606,0.080646837,0.433504985
22098,0.26269211,0.02207231,0.471435434,0.243800146
22099,0.051531008,0.257691354,0.136297187,0.554480451
22100,0.07031733,0.150162747,0.522013119,0.257506804
22101,0.383042566,0.215320182,0.139785051,0.261852201
22102,0.042989886,0.294522616,0.128452749,0.534034749
22103,0.175706158,0.268387588,0.220936015,0.33497024
22104,0.281285134,0.366088491,0.05345444,0.299171936
22105,0.042190886,0.289213018,0.199049284,0.469546812
22106,0.48374619,0.201791634,0.026246888,0.288215288
22107,0.119297258,0.068739457,0.463965423,0.347997862
22108,0.248962322,0.098643101,0.237926217,0.41446836
22109,0.238668101,0.333876799,0.068999996,0.358455104
22110,0.095719408,0.077262267,0.225305231,0.601713094
22111,0.22731404,0.183321634,0.131476026,0.457888299
22112,0.034340715,0.221735585,0.445745751,0.298177949
22113,0.038561267,0.450576103,0.169168677,0.341693953
22114,0.175154916,0.118244045,0.138685558,0.567915481
22115,0.154893327,0.150499476,0.091251905,0.603355293
22116,0.040808039,0.218086429,0.426498953,0.314606578
22117,0.230082794,0.146530151,0.326997357,0.296389698
22118,0.673586351,0.0461554,0.060683128,0.219575121
22119,0.070119504,0.465614017,0.089549682,0.374716796
22120,0.150360287,0.073334358,0.389776715,0.386528639
22121,0.093711457,0.30721966,0.197594279,0.401474605
22122,0.175470697,0.264122089,0.290125219,0.270281995
22123,0.111021137,0.333151838,0.283879244,0.271947781
22124,0.046386753,0.422269281,0.305596669,0.225747297
22125,0.193059664,0.146887025,0.227182423,0.432870887
22126,0.163122401,0.172539048,0.256844055,0.407494496
22127,0.397404501,0.103028972,0.185368628,0.3141979
22128,0.303513414,0.244768458,0.241190558,0.21052757
22129,0.079930234,0.112926457,0.147340062,0.659803247
22130,0.040644501,0.352189394,0.361089397,0.246076709
22131,0.485163641,0.071259796,0.140703356,0.302873207
22132,0.058160019,0.249301566,0.335913859,0.356624556
22133,0.048843795,0.09956599,0.555608636,0.295981579
22134,0.349679622,0.127498714,0.248389707,0.274431957
22135,0.585171799,0.022429914,0.036899167,0.355499119
22136,0.24564538,0.159345351,0.083220197,0.511789071
22137,0.494624488,0.09192731,0.102952782,0.31049542
22138,0.270227553,0.205225714,0.162468659,0.362078075
22139,0.125692639,0.400061388,0.15816673,0.316079243
22140,0.079149212,0.075829695,0.332630953,0.51239014
22141,0.059391257,0.335757976,0.201638473,0.403212295
22142,0.179831685,0.087889893,0.520703816,0.211574606
22143,0.265190681,0.104267923,0.273204738,0.357336657
22144,0.016834815,0.339135427,0.409718569,0.234311188
22145,0.126183347,0.214182334,0.29553318,0.364101139
22146,0.245386254,0.046415873,0.326135125,0.382062748
22147,0.39200944,0.088700815,0.180338421,0.338951324
22148,0.300971869,0.155693647,0.1955579,0.347776584
22149,0.089412141,0.343576806,0.052654226,0.514356827
22150,0.106575974,0.078435927,0.53388494,0.281103158
22151,0.268646752,0.03636181,0.409663964,0.285327473
22152,0.209633066,0.108491225,0.07874034,0.603135369
22153,0.055063078,0.272751342,0.311963724,0.360221856
22154,0.134878638,0.471083436,0.133028283,0.261009643
22155,0.133736241,0.265854435,0.312033181,0.288376144
22156,0.064296563,0.488955485,0.053187754,0.393560199
22157,0.135099182,0.279952185,0.349859413,0.235089221
22158,0.111405386,0.331283135,0.17822278,0.379088699
22159,0.071821077,0.314263205,0.373585552,0.240330166
22160,0.10156126,0.312287214,0.182883577,0.403267948
22161,0.055691652,0.420534244,0.13498256,0.388791544
22162,0.06220366,0.221724657,0.382058075,0.334013609
22163,0.441272054,0.067741455,0.09109808,0.399888411
22164,0.083005947,0.048566121,0.590857868,0.277570064
22165,0.054376174,0.382020587,0.193390612,0.370212627
22166,0.366391807,0.424952639,0.07949688,0.129158673
22167,0.33045968,0.365924008,0.152369755,0.151246557
22168,0.162299417,0.101857174,0.273700656,0.462142753
22169,0.345080836,0.059399741,0.237206658,0.358312765
22170,0.078735107,0.127612781,0.511027093,0.282625019
22171,0.088811841,0.38346224,0.345818034,0.181907884
22172,0.092499692,0.149532721,0.084398585,0.673569002
22173,0.128514905,0.604834915,0.062317056,0.204333124
22174,0.528378731,0.181158668,0.048528651,0.24193395
22175,0.144095011,0.471462804,0.140502201,0.243939984
22176,0.276852011,0.119998459,0.310070907,0.293078623
22177,0.2654383,0.12350405,0.217546316,0.393511334
22178,0.199855022,0.449101153,0.122147224,0.228896601
22179,0.096120958,0.441686681,0.069361422,0.39283094
22180,0.292511699,0.080843882,0.468377166,0.158267253
22181,0.084146176,0.629274161,0.055101764,0.231477899
22182,0.353951529,0.072369001,0.29572529,0.27795418
22183,0.208124289,0.439944227,0.096601823,0.255329661
22184,0.277042728,0.074119922,0.267192128,0.381645221
22185,0.278571312,0.295123909,0.105594827,0.320709951
22186,0.060272584,0.443221896,0.145355309,0.351150211
22187,0.187144613,0.255210808,0.072296687,0.485347892
22188,0.23724369,0.251780514,0.327661454,0.183314342
22189,0.243183118,0.086308746,0.446224132,0.224284003
22190,0.09125595,0.474191262,0.172491527,0.262061261
22191,0.20071146,0.063500786,0.586413525,0.14937423
22192,0.13788094,0.242068668,0.286686451,0.333363941
22193,0.077770881,0.214789201,0.131272604,0.576167315
22194,0.215277442,0.342425707,0.045684886,0.396611964
22195,0.181389735,0.516853255,0.143739125,0.158017885
22196,0.283164746,0.07370616,0.109046738,0.534082357
22197,0.121343876,0.44399202,0.058283166,0.376380937
22198,0.092248936,0.062765774,0.103141685,0.741843604
22199,0.465411112,0.066670851,0.085965767,0.38195227
22200,0.370930373,0.076625955,0.131511871,0.420931801
22201,0.199933158,0.430926106,0.124963804,0.244176932
22202,0.392648931,0.229604725,0.072005172,0.305741172
22203,0.252007273,0.369356508,0.057863491,0.320772728
22204,0.1142073,0.306022104,0.04413386,0.535636736
22205,0.337149645,0.216800542,0.127139571,0.318910242
22206,0.065323093,0.186077765,0.341872454,0.406726689
22207,0.104868652,0.095186052,0.371873324,0.428071972
22208,0.367855039,0.296658856,0.068128223,0.267357882
22209,0.140507831,0.136535829,0.070944488,0.652011853
22210,0.099528864,0.247234149,0.179364878,0.47387211
22211,0.152060866,0.300281499,0.059454223,0.488203412
22212,0.031965253,0.446353952,0.315473775,0.20620702
22213,0.170567254,0.312684951,0.17327151,0.343476285
22214,0.074036794,0.281932699,0.304816892,0.339213616
22215,0.063254486,0.103404682,0.615540661,0.217800171
22216,0.365895423,0.152155993,0.095413067,0.386535516
22217,0.094546571,0.101166674,0.482236599,0.322050156
22218,0.095921588,0.470333236,0.061978137,0.37176704
22219,0.459716814,0.085580899,0.125394574,0.329307713
22220,0.607822414,0.039355387,0.099926146,0.252896053
22221,0.055796181,0.230247298,0.085923007,0.628033514
22222,0.603034264,0.118936908,0.048674637,0.229354192
22223,0.212392806,0.462111934,0.064540885,0.260954375
22224,0.188558985,0.128149863,0.256666195,0.426624957
22225,0.423287928,0.247414105,0.193238421,0.136059546
22226,0.100950337,0.053805209,0.532697607,0.312546847
22227,0.360269731,0.187664181,0.201367868,0.250698221
22228,0.037994341,0.505865129,0.149764733,0.306375797
22229,0.189258843,0.444077174,0.144323753,0.222340231
22230,0.182038342,0.07664404,0.534569671,0.206747946
22231,0.409894415,0.233030846,0.147563274,0.209511465
22232,0.314666064,0.204750401,0.10362802,0.376955514
22233,0.091264246,0.103934389,0.359302127,0.445499238
22234,0.169466121,0.507221254,0.054725441,0.268587184
22235,0.21333054,0.085653,0.180043614,0.520972847
22236,0.582598412,0.091888236,0.054655664,0.270857687
22237,0.420396945,0.063058871,0.242238527,0.274305657
22238,0.032921214,0.223768803,0.479162484,0.2641475
22239,0.108387048,0.494032439,0.164093858,0.233486656
22240,0.122300238,0.378781081,0.173109931,0.32580875
22241,0.37718869,0.174971302,0.141661096,0.306178911
22242,0.49665059,0.133110002,0.075248508,0.2949909
22243,0.046905467,0.634756336,0.050058287,0.268279911
22244,0.27119508,0.346352046,0.136561598,0.245891276
22245,0.516433475,0.122577487,0.060490402,0.300498635
22246,0.175378304,0.50632791,0.121715951,0.196577835
22247,0.080651326,0.069655937,0.605359778,0.244332959
22248,0.333237341,0.06560132,0.409457204,0.191704136
22249,0.100863206,0.169683969,0.265673321,0.463779504
22250,0.42573269,0.060216038,0.193120495,0.320930777
22251,0.155488924,0.156553234,0.346248823,0.341709019
22252,0.123160332,0.103884966,0.415099708,0.357854994
22253,0.276457469,0.431892649,0.038560698,0.253089183
22254,0.037048021,0.139551142,0.4677888,0.355612037
22255,0.136788308,0.094733845,0.256982783,0.511495064
22256,0.349341164,0.068209845,0.249246888,0.333202104
22257,0.394142333,0.079967519,0.281666546,0.244223602
22258,0.104353876,0.343714288,0.328200784,0.223731052
22259,0.202734152,0.170188173,0.213516195,0.413561479
22260,0.085477224,0.100764713,0.396370392,0.417387671
22261,0.189270454,0.149462936,0.359450522,0.301816087
22262,0.314055997,0.269713522,0.207760297,0.208470184
22263,0.078525144,0.329555209,0.070268053,0.521651594
22264,0.420725365,0.282864476,0.089938309,0.20647185
22265,0.191910033,0.068762225,0.515801652,0.223526091
22266,0.133617787,0.07220244,0.365516324,0.42866345
22267,0.07406654,0.050219047,0.519703337,0.356011076
22268,0.231852267,0.373050411,0.144739157,0.250358165
22269,0.248772386,0.551824726,0.017681827,0.181721061
22270,0.130232429,0.220071844,0.350649679,0.299046048
22271,0.145166369,0.339978327,0.352132187,0.162723117
22272,0.245470989,0.39550861,0.139838811,0.21918159
22273,0.237273833,0.249580818,0.234874622,0.278270726
22274,0.184393378,0.402830037,0.057239143,0.355537442
22275,0.112272894,0.479057882,0.214694301,0.193974922
22276,0.045914439,0.253032233,0.427568046,0.273485282
22277,0.218303114,0.122886654,0.433019432,0.2257908
22278,0.077343693,0.282090565,0.405404793,0.235160949
22279,0.428277162,0.24256909,0.061452861,0.267700886
22280,0.267194813,0.126779057,0.255942051,0.35008408
22281,0.617385929,0.057689077,0.109720479,0.215204515
22282,0.087625244,0.266465573,0.452807232,0.193101951
22283,0.060755363,0.237190847,0.324663188,0.377390602
22284,0.230697403,0.097795025,0.410166182,0.26134139
22285,0.079929234,0.513772014,0.159391966,0.246906785
22286,0.127466084,0.041070794,0.577801142,0.25366198
22287,0.288427444,0.315879233,0.105008511,0.290684813
22288,0.409431961,0.144378382,0.182404363,0.263785294
22289,0.137808808,0.550054733,0.193237489,0.118898971
22290,0.391684892,0.05478331,0.3902236,0.163308198
22291,0.61683863,0.080201569,0.096427136,0.206532664
22292,0.328923265,0.178851594,0.260803525,0.231421616
22293,0.158974893,0.454600889,0.101967521,0.284456696
22294,0.324858184,0.182943313,0.180044422,0.312154081
22295,0.163545832,0.251630152,0.415490868,0.169333148
22296,0.364623529,0.060064352,0.212371023,0.362941095
22297,0.186055917,0.205431405,0.386344385,0.222168294
22298,0.065415919,0.15728784,0.53843292,0.238863321
22299,0.026382279,0.76098842,0.046159362,0.166469939
22300,0.53250071,0.2122996,0.055853507,0.199346183
22301,0.055130247,0.309746674,0.526297345,0.108825734
22302,0.15547301,0.491206924,0.14609578,0.207224285
22303,0.402408229,0.146511753,0.210012566,0.241067452
22304,0.230642485,0.449905725,0.056703908,0.262747882
22305,0.248920401,0.376065803,0.277330516,0.09768328
22306,0.247448016,0.228359372,0.418919721,0.105272891
22307,0.090264806,0.274989993,0.103736839,0.531008361
22308,0.157793748,0.230115011,0.24351022,0.368581021
22309,0.433596089,0.060872125,0.075197336,0.43033445
22310,0.273193055,0.043914366,0.27030351,0.412589069
22311,0.225754893,0.323668736,0.108872792,0.341703579
