No,Ch1,Ch2,Ch3,Ch4
21566,0.204006234,0.133199427,0.362599804,0.300194535
21567,0.060310751,0.370596542,0.359973543,0.209119165
21568,0.288123497,0.434018839,0.098883281,0.178974382
21569,0.489222846,0.111513559,0.215656781,0.183606814
21570,0.157142487,0.232825306,0.521361655,0.088670552
21571,0.077029859,0.690739855,0.121848752,0.110381534
21572,0.177836494,0.078177228,0.527801022,0.216185256
21573,0.134165673,0.160249461,0.21905319,0.486531676
21574,0.188831666,0.313757668,0.345522222,0.151888444
21575,0.0659451,0.105972185,0.649198163,0.178884553
21576,0.215106834,0.16584744,0.317308895,0.30173683
21577,0.24112678,0.115525154,0.556478341,0.086869724
21578,0.394238792,0.214967928,0.185480054,0.205313226
21579,0.095759087,0.190753539,0.20618545,0.507301924
21580,0.069572857,0.505937174,0.221731638,0.20275833
21581,0.375011112,0.112307194,0.217183533,0.295498162
21582,0.103851522,0.155350202,0.439404753,0.301393522
21583,0.133121883,0.171780767,0.295203311,0.399894039
21584,0.205506425,0.285798365,0.120632465,0.388062746
21585,0.312648522,0.1888252,0.143583007,0.354943271
21586,0.168185818,0.412719793,0.224999176,0.194095212
21587,0.050340932,0.51442449,0.207688462,0.227546116
21588,0.075842113,0.096729386,0.533538936,0.293889565
21589,0.142147831,0.090399673,0.542205552,0.225246944
21590,0.064348632,0.144565544,0.524119711,0.266966114
21591,0.064765657,0.240215935,0.399836143,0.295182265
21592,0.105759576,0.249580736,0.093115866,0.551543822
21593,0.588361932,0.167865935,0.113073946,0.130698187
21594,0.158598422,0.159897613,0.202785714,0.47871825
21595,0.301574814,0.137133687,0.101427897,0.459863602
21596,0.132589813,0.630534967,0.105686737,0.131188483
21597,0.34609522,0.20628022,0.091043722,0.356580838
21598,0.109415713,0.340962359,0.344462571,0.205159357
21599,0.235359059,0.365558222,0.26961736,0.12946536
21600,0.099889028,0.203010058,0.084110559,0.612990356
21601,0.091267334,0.180933596,0.221124081,0.506674989
21602,0.048672698,0.460210347,0.337900702,0.153216253
21603,0.380742441,0.074781811,0.171394763,0.373080984
21604,0.073404666,0.240207117,0.357604536,0.328783681
21605,0.160301537,0.064230493,0.615294298,0.160173672
21606,0.22331933,0.047875305,0.398047276,0.330758089
21607,0.536756386,0.086851157,0.076368694,0.300023764
21608,0.208066891,0.46321398,0.047988279,0.28073085
21609,0.071928477,0.06829959,0.496903226,0.362868706
21610,0.304281544,0.358755894,0.052898532,0.28406403
21611,0.090204575,0.086039923,0.518949116,0.304806386
21612,0.516195376,0.12879924,0.267572036,0.087433347
21613,0.066243157,0.233533612,0.298609654,0.401613577
21614,0.109559477,0.43145763,0.24808801,0.210894883
21615,0.265330357,0.353310419,0.048800695,0.332558529
21616,0.165226129,0.043363997,0.645070245,0.146339629
21617,0.237119848,0.263826384,0.26907992,0.229973847
21618,0.226531704,0.104310567,0.274120847,0.395036882
21619,0.225156232,0.178542217,0.085186623,0.511114928
21620,0.083202394,0.702112196,0.056211907,0.158473503
21621,0.172393363,0.353814454,0.161301037,0.312491147
21622,0.140219926,0.233964815,0.156986292,0.468828968
21623,0.414474461,0.300141724,0.104267961,0.181115853
21624,0.468635453,0.243364428,0.106355835,0.181644283
21625,0.10345158,0.149626249,0.474252517,0.272669654
21626,0.492550935,0.15781173,0.166351969,0.183285365
21627,0.11594656,0.220478498,0.414270241,0.249304702
21628,0.146226445,0.572112725,0.17174024,0.10992059
21629,0.457223985,0.176796662,0.124718115,0.241261238
21630,0.184178917,0.22560996,0.151896591,0.438314531
21631,0.160225501,0.108855209,0.642320024,0.088599266
21632,0.099317741,0.19626118,0.468864077,0.235557002
21633,0.180871281,0.325343052,0.17297993,0.320805737
21634,0.147421994,0.64307175,0.111964222,0.097542034
21635,0.067941593,0.650102997,0.190270994,0.091684416
21636,0.599553446,0.133233267,0.101740231,0.165473056
21637,0.472245194,0.291372623,0.094527355,0.141854828
21638,0.105428246,0.363843945,0.420725397,0.110002412
21639,0.252824923,0.456799064,0.126627014,0.163748998
21640,0.517945759,0.275449433,0.103498006,0.103106802
21641,0.222805093,0.223688319,0.444714572,0.108792015
21642,0.479833892,0.18753036,0.173887413,0.158748335
21643,0.073015131,0.23238181,0.503956687,0.190646372
21644,0.29696336,0.219050038,0.214922549,0.269064053
21645,0.103368763,0.594318025,0.148756775,0.153556438
21646,0.172813343,0.228352916,0.454876154,0.143957587
21647,0.184067817,0.197167851,0.424877641,0.193886691
21648,0.348443045,0.139975366,0.344409071,0.167172518
21649,0.49782963,0.126586511,0.277456171,0.098127689
21650,0.169501573,0.307131131,0.312176104,0.211191193
21651,0.441960332,0.103890561,0.203431717,0.25071739
21652,0.105334258,0.118406004,0.295977665,0.480282073
21653,0.593833349,0.167897639,0.125054421,0.113214592
21654,0.65025447,0.119172209,0.144933804,0.085639516
21655,0.341353625,0.060748651,0.506044901,0.091852823
21656,0.414627474,0.14091539,0.238629842,0.205827294
21657,0.546083646,0.125103661,0.156844636,0.171968057
21658,0.482184433,0.109396602,0.21327021,0.195148755
21659,0.591165866,0.119646378,0.116600946,0.17258681
21660,0.127607636,0.112171125,0.30878043,0.451440809
21661,0.185020458,0.218090177,0.210496126,0.386393239
21662,0.069960727,0.580291249,0.080516404,0.26923162
21663,0.109481279,0.136732576,0.628470584,0.125315561
21664,0.080145289,0.346740524,0.205431263,0.367682924
21665,0.350510722,0.241240771,0.176368672,0.231879834
21666,0.105240704,0.363592731,0.244655536,0.286511029
21667,0.052412723,0.418188914,0.28638531,0.243013053
21668,0.29399326,0.2972905,0.169730154,0.238986086
21669,0.246917737,0.233630728,0.118492841,0.400958694
21670,0.130159542,0.429857385,0.108906357,0.331076715
21671,0.065612941,0.432918789,0.445457148,0.056011122
21672,0.069434817,0.224027079,0.41908732,0.287450783
21673,0.382802459,0.229861778,0.070717748,0.316618015
21674,0.313311822,0.119923485,0.271905021,0.294859672
21675,0.350367321,0.186163288,0.118549103,0.344920287
21676,0.073868579,0.662126758,0.135987146,0.128017517
21677,0.558010128,0.079514673,0.224753473,0.137721726
21678,0.135305066,0.477121449,0.313155247,0.074418239
21679,0.177606993,0.467610202,0.087434755,0.267348049
21680,0.323406226,0.126898056,0.42337963,0.126316087
21681,0.23096204,0.11946774,0.195994855,0.453575365
21682,0.336248724,0.280104224,0.099328742,0.284318309
21683,0.329831085,0.077016115,0.268749438,0.324403362
21684,0.378363521,0.088839856,0.203482352,0.329314271
21685,0.125612583,0.322644714,0.11495602,0.436786682
21686,0.111912362,0.451220078,0.204394115,0.232473445
21687,0.208284111,0.109727995,0.395718528,0.286269366
21688,0.266137953,0.161058646,0.121347751,0.451455651
21689,0.158390797,0.649146318,0.072652311,0.119810574
21690,0.655716758,0.182766005,0.05369481,0.107822427
21691,0.149728589,0.537607132,0.112503583,0.200160695
21692,0.044812635,0.346599531,0.512633712,0.095954122
21693,0.096058,0.627428007,0.066284364,0.210229629
21694,0.127670073,0.309092408,0.178927128,0.384310391
21695,0.384796257,0.307257996,0.191208033,0.116737714
21696,0.510112206,0.221527788,0.072535857,0.19582415
21697,0.454791332,0.220669159,0.176109644,0.148429865
21698,0.152612137,0.06643755,0.696250918,0.084699395
21699,0.265338729,0.550189837,0.035855445,0.148615989
21700,0.373966529,0.244011696,0.158851205,0.223170571
21701,0.529873821,0.136619741,0.097379457,0.236126981
21702,0.07952221,0.473852482,0.137914213,0.308711095
21703,0.131113185,0.344602502,0.097199639,0.427084675
21704,0.125689947,0.235722738,0.408724639,0.229862676
21705,0.16608885,0.062885156,0.455578084,0.315447909
21706,0.122008704,0.436321109,0.08573018,0.355940007
21707,0.107177379,0.495784602,0.161378548,0.235659472
21708,0.071760199,0.496803736,0.192503433,0.238932631
21709,0.310503407,0.187089485,0.055052129,0.44735498
21710,0.367848005,0.087087504,0.079725423,0.465339068
21711,0.054122842,0.485444982,0.205961939,0.254470238
21712,0.085776367,0.371786248,0.063742367,0.478695019
21713,0.574456575,0.135447887,0.13104619,0.159049348
21714,0.066805173,0.636404969,0.06979633,0.226993529
21715,0.499758151,0.144241918,0.185861285,0.170138646
21716,0.13367424,0.181184076,0.260558438,0.424583246
21717,0.229726266,0.046887833,0.434641435,0.288744467
21718,0.297081287,0.422446649,0.048854934,0.23161713
21719,0.210213584,0.121338867,0.160560715,0.507886833
21720,0.423509816,0.192003901,0.068436975,0.316049309
21721,0.132793834,0.199950901,0.447535085,0.219720181
21722,0.583815359,0.153561844,0.085489074,0.177133722
21723,0.09364833,0.313727956,0.168913461,0.423710253
21724,0.361979723,0.214786437,0.212322674,0.210911166
21725,0.094663944,0.271245142,0.175819923,0.458270991
21726,0.05664483,0.344394489,0.353731157,0.245229524
21727,0.216969774,0.068692259,0.567635662,0.146702305
21728,0.111779993,0.113687277,0.364494764,0.410037966
21729,0.237790808,0.249304947,0.114224002,0.398680243
21730,0.396286111,0.072950807,0.123145805,0.407617277
21731,0.235547452,0.180957682,0.407597563,0.175897303
21732,0.320467065,0.205823144,0.103140231,0.37056956
21733,0.389702178,0.356698131,0.121162694,0.132436997
21734,0.056760944,0.556826559,0.252829583,0.133582913
21735,0.222723441,0.33813929,0.073599041,0.365538228
21736,0.645846069,0.145978298,0.092547154,0.11562848
21737,0.257990779,0.112896737,0.515476789,0.113635696
21738,0.318314354,0.240934875,0.317922146,0.122828625
21739,0.155478164,0.365361485,0.373577767,0.105582583
21740,0.098174247,0.590523508,0.224002372,0.087299873
21741,0.139145933,0.411434859,0.219698572,0.229720636
21742,0.197494674,0.182453392,0.437620218,0.182431716
21743,0.43868306,0.25403361,0.10348943,0.2037939
21744,0.346739154,0.186550404,0.371479081,0.095231361
21745,0.276808372,0.174099644,0.320544238,0.228547746
21746,0.265562635,0.429732721,0.109298,0.195406645
21747,0.510944515,0.273643273,0.119608344,0.095803867
21748,0.403105118,0.302901722,0.168833947,0.125159214
21749,0.087685812,0.43216921,0.263325446,0.216819532
21750,0.0904206,0.111692933,0.580897881,0.216988586
21751,0.461548692,0.071114648,0.343884132,0.123452528
21752,0.469064609,0.108977673,0.170235937,0.251721781
21753,0.330454564,0.188768203,0.222596783,0.25818045
21754,0.09220051,0.495704386,0.169139266,0.242955839
21755,0.165163329,0.257989849,0.316819806,0.260027016
21756,0.103344341,0.390979185,0.144586465,0.361090008
21757,0.168036238,0.470722847,0.041980701,0.319260213
21758,0.237704031,0.242371548,0.143792939,0.376131482
21759,0.291857428,0.394267865,0.165611243,0.148263464
21760,0.180141967,0.051944386,0.326927774,0.440985873
21761,0.108130365,0.126247391,0.483647362,0.281974881
21762,0.049564602,0.782966596,0.03748361,0.129985193
21763,0.452381199,0.097389674,0.046898004,0.403331122
21764,0.267919959,0.042562633,0.537209541,0.152307868
21765,0.448141117,0.119277814,0.121685705,0.310895363
21766,0.078812814,0.442318881,0.058415939,0.420452366
21767,0.094285747,0.171189459,0.373591071,0.360933723
21768,0.142739884,0.367777834,0.325562718,0.163919564
21769,0.211508124,0.213128471,0.095705865,0.47965754
21770,0.109944451,0.352305179,0.254943653,0.282806717
21771,0.052400516,0.137408072,0.361863507,0.448327905
21772,0.142392068,0.3625339,0.193314856,0.301759176
21773,0.188446502,0.452728095,0.095538539,0.263286864
21774,0.054425101,0.183975239,0.491399489,0.270200171
21775,0.232343367,0.254145286,0.214468298,0.299043049
21776,0.392455268,0.261003564,0.121092001,0.225449168
21777,0.060774369,0.079369825,0.563932116,0.29592369
21778,0.288519064,0.146389964,0.142338845,0.422752127
21779,0.348090154,0.222149289,0.116458799,0.313301757
21780,0.160826842,0.123021043,0.454355669,0.261796446
21781,0.097154631,0.13252823,0.564787133,0.205530006
21782,0.433620151,0.069779576,0.38149717,0.115103103
21783,0.286611001,0.135353167,0.171528971,0.40650686
21784,0.635892398,0.178820479,0.071958526,0.113328597
21785,0.118560022,0.55997889,0.246757088,0.074704
21786,0.099327305,0.135699554,0.250354829,0.514618313
21787,0.074639783,0.709693797,0.0746087,0.14105772
21788,0.38401972,0.262019725,0.079516609,0.274443945
21789,0.103890173,0.244562734,0.216775586,0.434771507
21790,0.551391577,0.12519021,0.1118724,0.211545813
21791,0.267351378,0.188476178,0.148546061,0.395626383
21792,0.084504022,0.308847205,0.400486868,0.206161905
21793,0.154259575,0.212367756,0.50403696,0.129335709
21794,0.051542583,0.498606704,0.280207332,0.169643381
21795,0.243307563,0.05165425,0.561016267,0.14402192
21796,0.230042506,0.265004211,0.199110913,0.305842371
21797,0.273679395,0.437391241,0.104011604,0.18491776
21798,0.440550305,0.067283456,0.264111581,0.228054657
21799,0.11983359,0.095615948,0.187795405,0.596755058
21800,0.105060268,0.084258861,0.326464887,0.484215984
21801,0.156201011,0.151571853,0.259229146,0.43299799
21802,0.065828418,0.192215968,0.38983928,0.352116334
21803,0.104035713,0.126385806,0.526003606,0.243574875
21804,0.209132632,0.462926906,0.145792313,0.182148149
21805,0.49553195,0.087781144,0.143600852,0.273086054
21806,0.112706306,0.384115762,0.187920224,0.315257708
21807,0.164983136,0.361568609,0.16704689,0.306401364
21808,0.311708289,0.106326551,0.162575198,0.419389961
21809,0.574274123,0.079111396,0.095834958,0.250779522
21810,0.685922296,0.056661429,0.155819895,0.101596381
21811,0.20063495,0.48430689,0.225023252,0.090034908
21812,0.165129036,0.077512039,0.43035747,0.327001455
21813,0.2389388,0.475706698,0.079341152,0.20601335
21814,0.158988878,0.270305542,0.401704716,0.169000864
21815,0.282578515,0.078237837,0.380835323,0.258348325
21816,0.296797858,0.412068086,0.102566163,0.188567893
21817,0.1171797,0.123573998,0.615169222,0.14407708
21818,0.104280653,0.129254033,0.362204368,0.404260947
21819,0.225925505,0.240225787,0.13541367,0.398435038
21820,0.666187838,0.129881386,0.082268387,0.121662389
21821,0.13309419,0.117893302,0.586672098,0.16234041
21822,0.403492208,0.404075161,0.09192033,0.1005123
21823,0.118377086,0.385187577,0.283804114,0.212631222
21824,0.1316442,0.425262275,0.304668276,0.138425249
21825,0.089952663,0.408413472,0.149539171,0.352094693
21826,0.199121641,0.40235941,0.314130312,0.084388637
21827,0.068171671,0.104036881,0.712816778,0.11497467
21828,0.10671297,0.471045211,0.133242392,0.288999426
21829,0.148968125,0.153631517,0.526713827,0.170686531
21830,0.098886689,0.138794686,0.512473748,0.249844877
21831,0.238968427,0.315919728,0.142003042,0.303108803
21832,0.224522955,0.443692869,0.075991518,0.255792658
21833,0.520997334,0.083021396,0.284944897,0.111036374
21834,0.595985307,0.137963209,0.146832307,0.119219177
21835,0.095321827,0.443901325,0.171328261,0.289448588
21836,0.068916259,0.152297263,0.536251296,0.242535183
21837,0.139280076,0.088132581,0.454007772,0.318579571
21838,0.217471396,0.134145909,0.508920203,0.139462492
21839,0.134941405,0.481159242,0.201406525,0.182492828
21840,0.56479985,0.096932456,0.200677945,0.137589748
21841,0.478409047,0.175738895,0.156023237,0.189828821
21842,0.066664585,0.303507482,0.504480746,0.125347187
21843,0.484693476,0.108530064,0.186919261,0.219857199
21844,0.055485076,0.536910186,0.206246844,0.201357894
21845,0.302037436,0.143681391,0.304881592,0.249399581
21846,0.113802627,0.481006343,0.184726121,0.220464909
21847,0.415280576,0.137442786,0.28083441,0.166442229
21848,0.154506952,0.188809882,0.142186052,0.514497114
21849,0.475718903,0.320596257,0.085400629,0.118284211
21850,0.533633659,0.129396047,0.106447612,0.230522682
21851,0.15949122,0.601843901,0.063287939,0.17537694
21852,0.44734804,0.147524145,0.182054924,0.223072891
21853,0.095694733,0.201294254,0.47459616,0.228414853
21854,0.356474166,0.117013658,0.136086475,0.390425701
21855,0.12542097,0.401556011,0.127148046,0.345874972
21856,0.506438927,0.118901795,0.272904095,0.101755183
21857,0.126386644,0.491329208,0.090476847,0.291807301
21858,0.562883685,0.093177202,0.075760388,0.268178726
21859,0.458665132,0.076842394,0.092912458,0.371580017
21860,0.514043426,0.255717143,0.072698016,0.157541415
21861,0.167656117,0.153097088,0.528530617,0.150716177
21862,0.050078736,0.536529206,0.231151141,0.182240917
21863,0.08356763,0.285895093,0.204631582,0.425905695
21864,0.342951136,0.423110025,0.055141427,0.178797413
21865,0.123861086,0.301364176,0.397819162,0.176955577
21866,0.175095721,0.118157163,0.523532448,0.183214668
21867,0.084502414,0.117720659,0.255842797,0.54193413
21868,0.158957485,0.111148355,0.445664184,0.284229976
21869,0.322042063,0.081444629,0.175924647,0.420588661
21870,0.240201426,0.178666431,0.273202589,0.307929554
21871,0.647235988,0.090530927,0.064749224,0.19748386
21872,0.061075175,0.482396821,0.275264304,0.181263699
21873,0.319370147,0.352415473,0.239352791,0.088861589
21874,0.105050751,0.611792823,0.12294482,0.160211606
21875,0.355292171,0.33133818,0.068573299,0.244796351
21876,0.624061639,0.112097254,0.142265554,0.121575552
21877,0.088266099,0.414518832,0.102285394,0.394929676
21878,0.364123302,0.487448266,0.066376228,0.082052204
21879,0.280594382,0.294615099,0.080557756,0.344232763
21880,0.473547699,0.13124268,0.258879493,0.136330128
21881,0.135833176,0.26730355,0.197632683,0.399230591
21882,0.197142465,0.171032408,0.248115799,0.383709328
21883,0.084551136,0.296820304,0.254615994,0.364012566
21884,0.178110345,0.51327252,0.048257893,0.260359242
21885,0.117921818,0.424241155,0.075200811,0.382636216
21886,0.313795502,0.219638721,0.105322899,0.361242878
21887,0.208695141,0.075709157,0.393182238,0.322413463
21888,0.082948328,0.296366308,0.460847275,0.159838089
21889,0.135468953,0.240627811,0.257125524,0.366777711
21890,0.230169131,0.145317626,0.202064681,0.422448562
21891,0.51065457,0.056399649,0.293340622,0.139605159
21892,0.088702403,0.342544037,0.098935008,0.469818551
21893,0.105881003,0.389637613,0.100788862,0.403692523
21894,0.117785803,0.087847103,0.288192168,0.506174926
21895,0.050579403,0.076017848,0.735827182,0.137575567
21896,0.377532417,0.149913894,0.306309967,0.166243722
21897,0.192491449,0.412431304,0.252047753,0.143029493
21898,0.168948209,0.264531037,0.311066952,0.255453803
21899,0.18014459,0.128071213,0.562861954,0.128922243
21900,0.10977343,0.09537109,0.123284921,0.671570558
21901,0.185172392,0.601142969,0.057237097,0.156447541
21902,0.067322699,0.173790198,0.564992815,0.193894288
21903,0.07951672,0.148403994,0.525913733,0.246165553
21904,0.214669887,0.084935013,0.271551761,0.428843339
21905,0.058807014,0.439420945,0.250294605,0.251477436
21906,0.107812172,0.242222165,0.105378387,0.544587276
21907,0.082584774,0.318861465,0.179150475,0.419403287
21908,0.345879913,0.144641303,0.207339457,0.302139328
21909,0.241290261,0.111047864,0.319483342,0.328178533
21910,0.40520675,0.166189856,0.145166049,0.283437346
21911,0.157952615,0.588807928,0.107052598,0.146186859
21912,0.173603265,0.466752393,0.05280546,0.306838881
21913,0.144119274,0.425013611,0.125271422,0.305595693
21914,0.115272663,0.121205488,0.234082795,0.529439054
21915,0.283380071,0.106542385,0.30589017,0.304187374
21916,0.091914696,0.129411248,0.208557624,0.570116432
21917,0.172012909,0.140022355,0.210793211,0.477171525
21918,0.076616666,0.099107654,0.676724793,0.147550887
21919,0.192981682,0.081910274,0.585711486,0.139396558
21920,0.223143676,0.228741961,0.128238455,0.419875909
21921,0.135388506,0.557552012,0.102972977,0.204086505
21922,0.385542993,0.246946444,0.088528934,0.278981629
21923,0.183815072,0.106234054,0.20484358,0.505107295
21924,0.185624691,0.10443489,0.267318931,0.442621488
21925,0.404810826,0.192425858,0.197910467,0.204852849
21926,0.375952601,0.106409404,0.127012544,0.390625451
21927,0.116985328,0.149395699,0.549516811,0.184102162
21928,0.124948295,0.624098896,0.067292079,0.18366073
21929,0.09662609,0.084732123,0.142729697,0.67591209
21930,0.048186185,0.301183985,0.213715855,0.436913975
21931,0.173770198,0.302491406,0.093115324,0.430623071
21932,0.10515787,0.06459913,0.503362396,0.326880603
21933,0.090642812,0.469370995,0.081208352,0.358777841
21934,0.100804635,0.342952642,0.169577785,0.386664939
21935,0.18108932,0.203455357,0.135339716,0.480115607
21936,0.198985804,0.220754327,0.139853684,0.440406185
21937,0.085992867,0.15481147,0.542390427,0.216805236
21938,0.041392123,0.479381824,0.155041655,0.324184398
21939,0.082967737,0.311964525,0.108244903,0.496822835
21940,0.402666676,0.200510811,0.109335645,0.287486868
21941,0.106556889,0.088973878,0.27292939,0.531539843
21942,0.126202978,0.638410116,0.114010108,0.121376798
21943,0.079259154,0.368293377,0.084248827,0.468198642
21944,0.068827313,0.466994985,0.270084886,0.194092816
21945,0.121183314,0.29125259,0.093375801,0.494188296
21946,0.441382132,0.178449455,0.108719419,0.271448993
21947,0.480489554,0.17679874,0.140950755,0.201760951
21948,0.132443346,0.457518947,0.215158551,0.194879156
21949,0.165786778,0.326077862,0.140468749,0.36766661
21950,0.133523377,0.449043087,0.090571325,0.32686221
21951,0.112569112,0.2500934,0.315081065,0.322256423
21952,0.359697063,0.101952079,0.108574282,0.429776577
21953,0.414351968,0.235464277,0.089030419,0.261153336
21954,0.234598919,0.107390936,0.163070079,0.494940066
21955,0.436493213,0.123279885,0.191872753,0.248354149
21956,0.097698321,0.159124219,0.172940213,0.570237247
21957,0.403153691,0.142331029,0.198344082,0.256171199
21958,0.056194615,0.650802629,0.152111565,0.140891191
21959,0.118700462,0.151513116,0.132798288,0.596988134
21960,0.160820474,0.505778131,0.062768532,0.270632863
21961,0.210641195,0.189308467,0.328789452,0.271260886
21962,0.616187144,0.13777335,0.110253131,0.135786376
21963,0.100712738,0.476510436,0.285363258,0.137413568
21964,0.160371435,0.062813555,0.627884285,0.148930725
21965,0.103256553,0.109512915,0.324042025,0.463188507
21966,0.107149877,0.076219041,0.372877528,0.443753554
21967,0.450024459,0.057507212,0.243342859,0.24912547
21968,0.228559451,0.417629556,0.075545884,0.278265109
21969,0.071073343,0.170200147,0.187724194,0.571002315
21970,0.197239271,0.201150887,0.123438306,0.478171535
21971,0.168806304,0.287453133,0.433272777,0.110467786
21972,0.325715456,0.186622943,0.148014816,0.339646785
21973,0.412728462,0.164109882,0.063770841,0.359390814
21974,0.484911581,0.187862351,0.083776614,0.243449453
21975,0.067629429,0.138259362,0.304736923,0.489374286
21976,0.291216911,0.323331271,0.288004079,0.097447739
21977,0.145379369,0.353654754,0.195492341,0.305473536
21978,0.244525725,0.071696547,0.237398615,0.446379113
21979,0.269020749,0.203556609,0.081205282,0.44621736
21980,0.09225844,0.547341119,0.103497783,0.256902659
21981,0.135575907,0.4394318,0.198423737,0.226568557
21982,0.167620146,0.232840003,0.197471806,0.402068045
21983,0.076626915,0.081680712,0.307147157,0.534545217
21984,0.163043374,0.188911742,0.19687013,0.451174754
21985,0.05847372,0.553807848,0.091955412,0.29576302
21986,0.111312803,0.129954833,0.617203157,0.141529206
21987,0.080477474,0.298134223,0.194753749,0.426634554
21988,0.319061028,0.215446824,0.187533654,0.277958494
21989,0.101691649,0.301360452,0.24066852,0.35627938
21990,0.051611328,0.360746191,0.282378093,0.305264388
21991,0.270036289,0.248674913,0.176577165,0.304711634
21992,0.237020955,0.207899101,0.122677706,0.432402238
21993,0.133003346,0.369431326,0.131225973,0.366339355
21994,0.069095489,0.416094592,0.442467354,0.072342566
21995,0.072200171,0.184406877,0.411892349,0.331500603
21996,0.383330614,0.188294276,0.066531708,0.361843402
21997,0.308503593,0.108098469,0.248955543,0.334442395
21998,0.308323269,0.154870099,0.135668432,0.401138199
21999,0.080622667,0.626178281,0.164755044,0.128444009
22000,0.537233296,0.076075054,0.227164678,0.159526972
22001,0.134179799,0.494538417,0.282807277,0.088474506
22002,0.158901671,0.439478016,0.094600204,0.307020109
22003,0.098398106,0.221677398,0.482715692,0.197208804
22004,0.536855815,0.182310804,0.088743315,0.192090066
22005,0.316136233,0.088280205,0.228382821,0.367200741
22006,0.0880226,0.259651458,0.175480283,0.47684566
22007,0.22851858,0.421001191,0.134110636,0.216369594
22008,0.084256014,0.196591611,0.440399924,0.27875245
22009,0.383114921,0.186269167,0.16681875,0.263797162
22010,0.134887378,0.462923042,0.079734388,0.322455192
22011,0.096272558,0.332610718,0.261348383,0.309768341
22012,0.279127221,0.192627046,0.172496095,0.355749638
22013,0.305062462,0.13619481,0.360837719,0.197905009
22014,0.127249471,0.113214713,0.615007354,0.144528462
22015,0.133301936,0.119300875,0.322626118,0.424771071
22016,0.084755628,0.406580033,0.116469185,0.392195154
22017,0.075734695,0.698553129,0.086425215,0.139286961
22018,0.213009208,0.194455497,0.316917477,0.275617818
22019,0.211153909,0.141037623,0.271133338,0.37667513
22020,0.193158918,0.157668682,0.324958176,0.324214224
22021,0.111574872,0.266000946,0.285373019,0.337051163
22022,0.484820683,0.124909747,0.164606999,0.22566257
22023,0.31536925,0.104852197,0.324314737,0.255463816
22024,0.257952407,0.110629442,0.167313466,0.464104684
22025,0.372588808,0.203841874,0.115117955,0.308451364
22026,0.626266321,0.119466101,0.067397012,0.186870566
22027,0.29950676,0.208605524,0.141712119,0.350175597
22028,0.407557715,0.12922695,0.086633115,0.37658222
22029,0.113552191,0.148802781,0.104129035,0.633515993
22030,0.41504922,0.055698595,0.395866812,0.133385372
22031,0.226790654,0.207257793,0.109379399,0.456572155
22032,0.118023644,0.295966004,0.098264059,0.487746292
22033,0.107870054,0.133708534,0.624272964,0.134148448
22034,0.637873023,0.104912634,0.09556332,0.161651023
22035,0.251348591,0.160457487,0.121285649,0.466908273
22036,0.471713454,0.205305966,0.12901463,0.193965951
22037,0.178455799,0.212942786,0.076701901,0.531899514
22038,0.160043147,0.299760379,0.103937044,0.436259431
22039,0.426064424,0.331142309,0.042982258,0.199811009
22040,0.174369879,0.403851449,0.165841459,0.255937213
22041,0.142239586,0.080575682,0.550569175,0.226615557
22042,0.230024524,0.181288534,0.314350266,0.274336675
22043,0.187106134,0.461422062,0.116315741,0.235156063
22044,0.121177577,0.127264592,0.305078932,0.4464789
22045,0.08594484,0.472668436,0.134356146,0.307030577
22046,0.196112207,0.206302052,0.299066735,0.298519006
22047,0.156674511,0.414777517,0.127766019,0.300781953
22048,0.122608899,0.684990386,0.073217638,0.119183078
22049,0.130053081,0.537166823,0.105218576,0.227561521
22050,0.187601815,0.357837475,0.329849788,0.124710922
22051,0.103102021,0.133439097,0.587126272,0.176332611
22052,0.23032967,0.406904094,0.190529518,0.172236718
22053,0.057322595,0.693693964,0.137314416,0.111669024
22054,0.099907752,0.107516468,0.661761025,0.130814755
22055,0.189233603,0.204751057,0.45495018,0.151065161
22056,0.173484541,0.090186162,0.592164208,0.144165088
22057,0.331175539,0.137027584,0.246925696,0.284871181
22058,0.22582247,0.515855894,0.138036743,0.120284893
22059,0.227625398,0.448825472,0.087899878,0.235649252
22060,0.204129217,0.240313401,0.090989067,0.464568315
22061,0.120780578,0.151977251,0.469625332,0.25761684
22062,0.11782886,0.233436189,0.500196447,0.148538504
22063,0.03601753,0.671761244,0.185028268,0.107192958
22064,0.492283203,0.188715068,0.163805649,0.15519608
22065,0.146546226,0.156240178,0.440119406,0.257094191
22066,0.416406031,0.144923046,0.153307103,0.285363821
22067,0.425627549,0.202369629,0.059419267,0.312583556
22068,0.152847375,0.734226537,0.032492283,0.080433805
22069,0.067907803,0.530967693,0.10351975,0.297604755
22070,0.392991165,0.088056123,0.115905841,0.40304687
22071,0.336979068,0.179147609,0.117276606,0.366596718
22072,0.046573261,0.550284989,0.310379782,0.092761967
22073,0.164168823,0.153823062,0.345427135,0.33658098
22074,0.051777145,0.728733961,0.12240355,0.097085344
22075,0.121683078,0.287707766,0.235377639,0.355231516
22076,0.668865193,0.138111373,0.076227662,0.116795773
22077,0.23065547,0.13365823,0.125132832,0.510553468
22078,0.363074805,0.151665298,0.115584482,0.369675414
22079,0.384771804,0.054541925,0.085895116,0.474791155
22080,0.109699981,0.084616944,0.470470331,0.335212744
22081,0.100804593,0.566916339,0.124473519,0.207805549
22082,0.547617864,0.163534193,0.104076097,0.184771846
22083,0.047847429,0.514229693,0.150868798,0.287054079
22084,0.155784492,0.134796998,0.066770626,0.642647884
22085,0.261554785,0.117853639,0.155544894,0.465046682
22086,0.085271838,0.385597814,0.059070385,0.470059963
22087,0.0638022,0.069565793,0.376412128,0.490219878
22088,0.111326228,0.151235233,0.132955356,0.604483183
22089,0.037949907,0.506976734,0.168177936,0.286895424
22090,0.124043905,0.19461893,0.208068158,0.473269007
22091,0.066684311,0.145090792,0.582724928,0.20549997
22092,0.529337114,0.212760717,0.059100402,0.198801768
22093,0.099644912,0.159639052,0.389838832,0.350877204
22094,0.127733545,0.091835102,0.28924869,0.491182662
22095,0.088955016,0.212411784,0.171429376,0.527203824
22096,0.136515625,0.052208068,0.604027194,0.207249113
22097,0.448292659,0.049238787,0.095567758,0.406900796
22098,0.258571007,0.063280525,0.547141053,0.131007415
22099,0.087993838,0.346081536,0.140519484,0.425405142
22100,0.077745034,0.154885192,0.61908918,0.148280594
22101,0.424753886,0.214936229,0.125388347,0.234921538
22102,0.088780829,0.359859921,0.139703592,0.411655658
22103,0.281267772,0.233859986,0.175888397,0.308983845
22104,0.29269307,0.28488076,0.090184892,0.332241279
22105,0.063118627,0.32518186,0.222073878,0.389625635
22106,0.63440697,0.135106384,0.060210918,0.170275727
22107,0.142145513,0.10211516,0.520677072,0.235062255
22108,0.296737922,0.131162465,0.239277508,0.332822104
22109,0.314387369,0.40280368,0.110605385,0.172203567
22110,0.110085991,0.098018314,0.182372542,0.609523153
22111,0.343458195,0.166424278,0.136486486,0.353631041
22112,0.069009379,0.215818609,0.456008257,0.259163756
22113,0.088197073,0.467437636,0.174784544,0.269580747
22114,0.224668892,0.113935994,0.17258962,0.488805494
22115,0.188289905,0.124732817,0.118695804,0.568281474
22116,0.099033258,0.227488427,0.44009725,0.233381065
22117,0.222126867,0.109131925,0.50596467,0.162776538
22118,0.676400354,0.086183805,0.077481242,0.1599346
22119,0.10095075,0.533454857,0.091773703,0.27382069
22120,0.118509986,0.072323553,0.527217224,0.281949238
22121,0.084132073,0.241188154,0.166160704,0.50851907
22122,0.13801384,0.226468615,0.511157929,0.124359616
22123,0.101928006,0.449600831,0.184558676,0.263912486
22124,0.059697612,0.346620744,0.271615812,0.322065833
22125,0.264295738,0.13654873,0.147089114,0.452066417
22126,0.232007535,0.124154678,0.25932406,0.384513727
22127,0.544323885,0.131409509,0.123777518,0.200489088
22128,0.363585186,0.224259359,0.213696581,0.198458874
22129,0.098557417,0.110287344,0.180211217,0.610944023
22130,0.06953372,0.275827834,0.494335718,0.160302728
22131,0.614075457,0.076774597,0.153198133,0.155951813
22132,0.09586414,0.232961809,0.402552006,0.268622044
22133,0.061738741,0.095292988,0.607704445,0.235263825
22134,0.330617421,0.142217097,0.170855531,0.356309951
22135,0.60177185,0.066636564,0.068862998,0.262728587
22136,0.256805979,0.194240152,0.076268176,0.472685694
22137,0.222877329,0.157329434,0.220518745,0.399274491
22138,0.218007478,0.279903969,0.11611119,0.385977364
22139,0.132506762,0.363498086,0.184041611,0.319953541
22140,0.070019564,0.066504744,0.44821947,0.415256223
22141,0.048294107,0.257913036,0.2370948,0.456698057
22142,0.200060242,0.069559298,0.545291806,0.185088654
22143,0.168537008,0.199486737,0.328329736,0.303646519
22144,0.039314745,0.263290408,0.535702401,0.161692447
22145,0.117746927,0.124691907,0.312984263,0.444576903
22146,0.184671997,0.06310578,0.433747037,0.318475186
22147,0.330379473,0.072223803,0.191285217,0.406111506
22148,0.368383128,0.106356369,0.087703304,0.437557199
22149,0.071225666,0.364283367,0.04514719,0.519343777
22150,0.092247075,0.07793343,0.651826012,0.177993483
22151,0.148738888,0.05361881,0.464272243,0.333370059
22152,0.209657562,0.081590802,0.058562558,0.650189077
22153,0.042543553,0.323158634,0.482727221,0.151570592
22154,0.086480761,0.437557029,0.121774842,0.354187368
22155,0.117398164,0.247062581,0.328137519,0.307401736
22156,0.068018565,0.481622433,0.124214697,0.326144305
22157,0.121708432,0.304696835,0.349997538,0.223597195
22158,0.09260757,0.359759743,0.138824156,0.408808531
22159,0.131423829,0.260924849,0.419734391,0.187916931
22160,0.114070771,0.26544601,0.114398409,0.506084809
22161,0.06251869,0.324611618,0.186348897,0.426520794
22162,0.109506054,0.256799839,0.33406178,0.299632327
22163,0.366209069,0.098396799,0.104090863,0.43130327
22164,0.052278745,0.06889459,0.568209088,0.310617576
22165,0.067286361,0.446758909,0.172980513,0.312974216
22166,0.416311637,0.431437665,0.068062283,0.084188416
22167,0.338874229,0.233314578,0.231445631,0.196365562
22168,0.165573972,0.139493432,0.428394722,0.266537874
22169,0.389574118,0.072876096,0.195256409,0.342293377
22170,0.088201358,0.254211437,0.519130573,0.138456632
22171,0.114246115,0.308416224,0.304716946,0.272620715
22172,0.099159203,0.142943167,0.145011631,0.612885999
22173,0.171067907,0.507397219,0.081439196,0.240095677
22174,0.496319031,0.141313675,0.077791466,0.284575828
22175,0.100571728,0.40404953,0.145399122,0.34997962
22176,0.228949841,0.110951024,0.252554942,0.407544192
22177,0.132354944,0.106041705,0.167458327,0.594145024
22178,0.243569546,0.35458687,0.111899518,0.289944067
22179,0.080529798,0.32945649,0.074338036,0.515675676
22180,0.195969343,0.12549709,0.512364533,0.166169034
22181,0.120121915,0.541818234,0.098057506,0.240002346
22182,0.375898212,0.096636016,0.234408804,0.293056967
22183,0.17759939,0.445609254,0.090074988,0.286716368
22184,0.289525254,0.085105183,0.126194384,0.499175178
22185,0.195691457,0.303431022,0.062566543,0.438310977
22186,0.087078428,0.489617193,0.078356444,0.344947935
22187,0.119477343,0.290616599,0.084684502,0.505221556
22188,0.228024221,0.166066936,0.313883837,0.292025006
22189,0.19277355,0.053586587,0.43273912,0.320900744
22190,0.077215643,0.440840566,0.143402007,0.338541783
22191,0.226876091,0.142870464,0.463484352,0.166769093
22192,0.128250573,0.156658869,0.222620357,0.492470201
22193,0.106773195,0.178255794,0.096916643,0.618054368
22194,0.281320581,0.261932891,0.060073728,0.3966728
22195,0.20126437,0.539395327,0.184157626,0.075182677
22196,0.261434165,0.062307671,0.106056129,0.570202036
22197,0.11943994,0.434496523,0.066657325,0.379406212
22198,0.107269282,0.081728329,0.124958561,0.686043827
22199,0.689572599,0.087426108,0.071336112,0.151665181
22200,0.479529715,0.080940999,0.123446364,0.316082922
22201,0.186900441,0.500578621,0.163851892,0.148669046
22202,0.536387475,0.236165377,0.070134563,0.157312585
22203,0.534350977,0.260503596,0.071427882,0.133717544
22204,0.153387999,0.259417155,0.055534225,0.531660621
22205,0.334139549,0.190363247,0.219784708,0.255712496
22206,0.092104428,0.168721795,0.449096784,0.290076994
22207,0.105145016,0.067262327,0.36810085,0.459491806
22208,0.275514418,0.364918174,0.080713801,0.278853607
22209,0.189351765,0.113876565,0.080927291,0.615844379
22210,0.131989681,0.190435802,0.193339438,0.48423508
22211,0.123662325,0.287907723,0.069047836,0.519382116
22212,0.050496756,0.319109102,0.32745364,0.302940501
22213,0.100620106,0.243890646,0.169813475,0.485675773
22214,0.070479721,0.195279199,0.380987448,0.353253632
22215,0.072618366,0.105034412,0.655058319,0.167288904
22216,0.441724677,0.14827413,0.114212007,0.295789187
22217,0.104945635,0.10888771,0.528526661,0.257639993
22218,0.09673914,0.333892192,0.071854154,0.497514514
22219,0.337065749,0.088284323,0.138761825,0.435888103
22220,0.66747777,0.059292699,0.108101129,0.165128402
22221,0.081487949,0.191069032,0.120821794,0.606621225
22222,0.686015701,0.100904724,0.073947299,0.139132275
22223,0.214184315,0.348943593,0.080173318,0.356698775
22224,0.197958295,0.123297028,0.182537785,0.496206891
22225,0.615393408,0.167748211,0.110031204,0.106827177
22226,0.093118119,0.074702698,0.639822202,0.192356982
22227,0.39635211,0.216181209,0.234843511,0.15262317
22228,0.052098036,0.584910442,0.123304228,0.239687295
22229,0.207580417,0.398580414,0.096536365,0.297302804
22230,0.166445356,0.101896907,0.592281614,0.139376122
22231,0.599897388,0.142058972,0.127918151,0.130125489
22232,0.415182877,0.164273897,0.094180602,0.326362624
22233,0.133830382,0.120564481,0.301801698,0.443803438
22234,0.247812584,0.460357424,0.07036533,0.221464663
22235,0.281084622,0.100869602,0.124803783,0.493241993
22236,0.670491794,0.115779896,0.05774577,0.15598254
22237,0.28966922,0.08003073,0.279222511,0.351077539
22238,0.067202506,0.21241007,0.442918317,0.277469107
22239,0.124208015,0.513463624,0.193754133,0.168574228
22240,0.141325668,0.246106032,0.246527573,0.366040728
22241,0.298140704,0.165408297,0.152515088,0.383935912
22242,0.458131708,0.20404259,0.05538855,0.282437152
22243,0.06087791,0.588652552,0.063448396,0.287021142
22244,0.207233838,0.534309731,0.111416023,0.147040408
22245,0.494026181,0.118486031,0.069724949,0.31776284
22246,0.131395215,0.491628888,0.103175563,0.273800334
22247,0.107726054,0.100244972,0.517017961,0.275011013
22248,0.425426207,0.097296966,0.365425741,0.111851086
22249,0.079750209,0.146791072,0.308933215,0.464525504
22250,0.416933522,0.061961995,0.157743153,0.36336133
22251,0.098586332,0.093104244,0.322195681,0.486113743
22252,0.105283464,0.061448538,0.481728489,0.351539508
22253,0.151450256,0.393349863,0.057444684,0.397755196
22254,0.069774569,0.123806437,0.305829035,0.500589958
22255,0.082703902,0.070864841,0.32547882,0.520952436
22256,0.238205659,0.069180529,0.162701985,0.529911827
22257,0.490477254,0.088983068,0.156790409,0.26374927
22258,0.080295787,0.381569338,0.205833006,0.332301869
22259,0.180675073,0.101142402,0.148142481,0.570040044
22260,0.060666209,0.069074814,0.316169787,0.554089189
22261,0.200349462,0.10747002,0.31187434,0.380306178
22262,0.355953087,0.222405528,0.109270173,0.312371212
22263,0.090801574,0.29374466,0.061549099,0.553904667
22264,0.374571712,0.214514537,0.092203096,0.318710655
22265,0.216759011,0.145744027,0.421828902,0.215668061
22266,0.12631287,0.072546727,0.265937585,0.535202818
22267,0.062674736,0.062613062,0.437763042,0.43694916
22268,0.263105938,0.175380115,0.125735772,0.435778175
22269,0.214348427,0.630362888,0.043617609,0.111671077
22270,0.101799772,0.199661499,0.347905571,0.350633158
22271,0.185986461,0.266425956,0.333952266,0.213635317
22272,0.212367223,0.413360388,0.094937601,0.279334788
22273,0.258820872,0.235307559,0.227164832,0.278706737
22274,0.17380286,0.507965681,0.074892015,0.243339444
22275,0.100245804,0.513027465,0.160275234,0.226451497
22276,0.068396795,0.175505224,0.433093324,0.323004658
22277,0.27040213,0.153534378,0.463531598,0.112531894
22278,0.10054388,0.309971464,0.301482176,0.288002479
22279,0.440357289,0.200929981,0.106933638,0.251779093
22280,0.272724125,0.102588868,0.270450202,0.354236805
22281,0.643817324,0.076154254,0.128545329,0.151483093
22282,0.063368306,0.331930963,0.513926645,0.090774085
22283,0.1365185,0.229059355,0.234663163,0.399758981
22284,0.288673492,0.124582074,0.455973696,0.130770738
22285,0.086813571,0.363513442,0.172040083,0.377632904
22286,0.157851878,0.079568544,0.480934364,0.281645214
22287,0.344995136,0.230186857,0.100452746,0.324365262
22288,0.329212533,0.183826625,0.18102166,0.305939181
22289,0.150271017,0.401869108,0.202646673,0.245213202
22290,0.360164526,0.07738701,0.388913768,0.173534696
22291,0.547832296,0.089499102,0.127782589,0.234886013
22292,0.270911043,0.204671522,0.202282429,0.322135006
22293,0.212219897,0.368504312,0.115815775,0.303460015
22294,0.278699757,0.171520542,0.150492866,0.399286836
22295,0.157145338,0.245031711,0.372943756,0.224879195
22296,0.236475829,0.114475064,0.208288996,0.440760111
22297,0.172378482,0.207077002,0.313602811,0.306941704
22298,0.136755661,0.220759762,0.401672599,0.240811978
22299,0.076255588,0.569170596,0.10605105,0.248522766
22300,0.551366042,0.205893807,0.101993439,0.140746712
22301,0.079954605,0.18922043,0.574571608,0.156253357
22302,0.146697073,0.409941049,0.161999013,0.281362865
22303,0.306994321,0.18777866,0.172001753,0.333225267
22304,0.186930402,0.350418279,0.099035346,0.363615972
22305,0.154767884,0.303707816,0.268961746,0.272562555
22306,0.21460386,0.169183826,0.485802713,0.130409601
22307,0.10428314,0.301746147,0.102896692,0.491074021
22308,0.130075279,0.260219529,0.235526135,0.374179057
22309,0.425448672,0.107363699,0.074346853,0.392840776
22310,0.304544445,0.090810537,0.191333941,0.413311076
22311,0.196623327,0.332124061,0.134558379,0.336694233
