"No","Ch1","Ch2","Ch3","Ch4"
21566,0.214,0.104,0.236,0.446
21567,0.096,0.258,0.394,0.252
21568,0.258,0.33,0.064,0.348
21569,0.482,0.13,0.156,0.232
21570,0.16,0.24,0.508,0.092
21571,0.1,0.514,0.112,0.274
21572,0.156,0.08,0.51,0.254
21573,0.134,0.14,0.212,0.514
21574,0.21,0.326,0.254,0.21
21575,0.076,0.084,0.688,0.152
21576,0.234,0.138,0.218,0.41
21577,0.186,0.12,0.608,0.086
21578,0.274,0.224,0.206,0.296
21579,0.114,0.176,0.166,0.544
21580,0.104,0.362,0.18,0.354
21581,0.296,0.14,0.172,0.392
21582,0.112,0.15,0.414,0.324
21583,0.136,0.152,0.264,0.448
21584,0.21,0.222,0.166,0.402
21585,0.288,0.21,0.13,0.372
21586,0.158,0.432,0.182,0.228
21587,0.096,0.514,0.172,0.218
21588,0.088,0.156,0.526,0.23
21589,0.126,0.12,0.524,0.23
21590,0.112,0.138,0.492,0.258
21591,0.086,0.226,0.38,0.308
21592,0.144,0.286,0.128,0.442
21593,0.5,0.208,0.092,0.2
21594,0.144,0.162,0.226,0.468
21595,0.254,0.17,0.112,0.464
21596,0.134,0.654,0.068,0.144
21597,0.396,0.224,0.112,0.268
21598,0.1,0.372,0.33,0.198
21599,0.276,0.262,0.252,0.21
21600,0.122,0.21,0.112,0.556
21601,0.124,0.148,0.208,0.52
21602,0.1,0.516,0.224,0.16
21603,0.324,0.12,0.168,0.388
21604,0.184,0.148,0.374,0.294
21605,0.092,0.052,0.77,0.086
21606,0.332,0.058,0.404,0.206
21607,0.6,0.134,0.048,0.218
21608,0.122,0.59,0.06,0.228
21609,0.066,0.068,0.57,0.296
21610,0.292,0.392,0.068,0.248
21611,0.06,0.21,0.53,0.2
21612,0.638,0.124,0.19,0.048
21613,0.066,0.242,0.316,0.376
21614,0.08,0.432,0.218,0.27
21615,0.394,0.284,0.062,0.26
21616,0.106,0.06,0.74,0.094
21617,0.21,0.212,0.268,0.31
21618,0.266,0.082,0.358,0.294
21619,0.296,0.158,0.088,0.458
21620,0.042,0.594,0.054,0.31
21621,0.078,0.48,0.118,0.324
21622,0.096,0.366,0.172,0.366
21623,0.282,0.418,0.104,0.196
21624,0.278,0.44,0.094,0.188
21625,0.102,0.124,0.474,0.3
21626,0.428,0.188,0.128,0.256
21627,0.134,0.186,0.45,0.23
21628,0.188,0.552,0.152,0.108
21629,0.366,0.136,0.14,0.358
21630,0.172,0.152,0.13,0.546
21631,0.158,0.126,0.562,0.154
21632,0.114,0.21,0.466,0.21
21633,0.136,0.268,0.272,0.324
21634,0.254,0.51,0.142,0.094
21635,0.094,0.698,0.116,0.092
21636,0.574,0.146,0.126,0.154
21637,0.412,0.382,0.072,0.134
21638,0.27,0.342,0.306,0.082
21639,0.226,0.472,0.15,0.152
21640,0.36,0.276,0.228,0.136
21641,0.288,0.234,0.376,0.102
21642,0.546,0.088,0.218,0.148
21643,0.082,0.258,0.538,0.122
21644,0.254,0.246,0.236,0.264
21645,0.11,0.636,0.104,0.15
21646,0.118,0.116,0.56,0.206
21647,0.116,0.2,0.42,0.264
21648,0.336,0.146,0.39,0.128
21649,0.526,0.154,0.188,0.132
21650,0.11,0.302,0.334,0.254
21651,0.402,0.098,0.186,0.314
21652,0.14,0.074,0.238,0.548
21653,0.554,0.12,0.124,0.202
21654,0.606,0.118,0.148,0.128
21655,0.314,0.066,0.524,0.096
21656,0.304,0.134,0.236,0.326
21657,0.524,0.186,0.148,0.142
21658,0.474,0.098,0.174,0.254
21659,0.56,0.118,0.138,0.184
21660,0.128,0.08,0.228,0.564
21661,0.31,0.156,0.172,0.362
21662,0.076,0.568,0.05,0.306
21663,0.102,0.168,0.638,0.092
21664,0.094,0.388,0.156,0.362
21665,0.256,0.336,0.22,0.188
21666,0.176,0.384,0.104,0.336
21667,0.058,0.312,0.352,0.278
21668,0.292,0.304,0.11,0.294
21669,0.172,0.174,0.174,0.48
21670,0.112,0.338,0.082,0.468
21671,0.034,0.382,0.532,0.052
21672,0.106,0.22,0.246,0.428
21673,0.246,0.388,0.062,0.304
21674,0.226,0.114,0.206,0.454
21675,0.448,0.154,0.07,0.328
21676,0.092,0.618,0.13,0.16
21677,0.736,0.058,0.13,0.076
21678,0.146,0.352,0.438,0.064
21679,0.126,0.414,0.056,0.404
21680,0.436,0.096,0.324,0.144
21681,0.226,0.136,0.164,0.474
21682,0.298,0.348,0.094,0.26
21683,0.368,0.098,0.192,0.342
21684,0.38,0.094,0.158,0.368
21685,0.122,0.344,0.122,0.412
21686,0.106,0.366,0.358,0.17
21687,0.358,0.09,0.316,0.236
21688,0.362,0.158,0.11,0.37
21689,0.13,0.604,0.086,0.18
21690,0.564,0.19,0.084,0.162
21691,0.234,0.464,0.098,0.204
21692,0.086,0.396,0.4,0.118
21693,0.152,0.52,0.102,0.226
21694,0.178,0.26,0.12,0.442
21695,0.268,0.282,0.33,0.12
21696,0.434,0.28,0.106,0.18
21697,0.354,0.322,0.16,0.164
21698,0.208,0.058,0.612,0.122
21699,0.478,0.31,0.034,0.178
21700,0.562,0.198,0.076,0.164
21701,0.572,0.078,0.084,0.266
21702,0.154,0.244,0.092,0.51
21703,0.2,0.25,0.118,0.432
21704,0.15,0.306,0.372,0.172
21705,0.106,0.07,0.618,0.206
21706,0.072,0.43,0.084,0.414
21707,0.112,0.598,0.108,0.182
21708,0.064,0.506,0.214,0.216
21709,0.246,0.118,0.092,0.544
21710,0.266,0.098,0.082,0.554
21711,0.086,0.448,0.292,0.174
21712,0.074,0.294,0.058,0.574
21713,0.488,0.146,0.156,0.21
21714,0.084,0.522,0.076,0.318
21715,0.358,0.064,0.274,0.304
21716,0.128,0.158,0.394,0.32
21717,0.196,0.056,0.372,0.376
21718,0.316,0.388,0.094,0.202
21719,0.176,0.14,0.182,0.502
21720,0.378,0.206,0.108,0.308
21721,0.108,0.184,0.512,0.196
21722,0.452,0.196,0.164,0.188
21723,0.152,0.24,0.128,0.48
21724,0.344,0.184,0.26,0.212
21725,0.09,0.284,0.226,0.4
21726,0.068,0.328,0.31,0.294
21727,0.22,0.116,0.46,0.204
21728,0.116,0.142,0.374,0.368
21729,0.212,0.202,0.11,0.476
21730,0.312,0.126,0.246,0.316
21731,0.218,0.242,0.364,0.176
21732,0.286,0.18,0.074,0.46
21733,0.34,0.36,0.106,0.194
21734,0.11,0.436,0.308,0.146
21735,0.216,0.302,0.098,0.384
21736,0.574,0.192,0.092,0.142
21737,0.276,0.198,0.394,0.132
21738,0.246,0.26,0.352,0.142
21739,0.2,0.434,0.266,0.1
21740,0.138,0.428,0.318,0.116
21741,0.128,0.392,0.264,0.216
21742,0.172,0.27,0.364,0.194
21743,0.416,0.234,0.14,0.21
21744,0.238,0.294,0.348,0.12
21745,0.272,0.154,0.362,0.212
21746,0.268,0.336,0.136,0.26
21747,0.344,0.42,0.102,0.134
21748,0.3,0.27,0.288,0.142
21749,0.128,0.3,0.196,0.376
21750,0.112,0.14,0.53,0.218
21751,0.286,0.126,0.332,0.256
21752,0.398,0.164,0.16,0.278
21753,0.3,0.18,0.206,0.314
21754,0.13,0.346,0.176,0.348
21755,0.138,0.206,0.314,0.342
21756,0.092,0.462,0.23,0.216
21757,0.178,0.482,0.058,0.282
21758,0.2,0.37,0.106,0.324
21759,0.33,0.302,0.19,0.178
21760,0.244,0.04,0.318,0.398
21761,0.062,0.132,0.446,0.36
21762,0.056,0.79,0.048,0.106
21763,0.438,0.1,0.066,0.396
21764,0.416,0.058,0.408,0.118
21765,0.5,0.058,0.154,0.288
21766,0.1,0.59,0.066,0.244
21767,0.076,0.224,0.404,0.296
21768,0.088,0.608,0.214,0.09
21769,0.166,0.352,0.112,0.37
21770,0.09,0.428,0.312,0.17
21771,0.07,0.198,0.35,0.382
21772,0.112,0.44,0.15,0.298
21773,0.428,0.238,0.192,0.142
21774,0.06,0.266,0.334,0.34
21775,0.286,0.296,0.158,0.26
21776,0.39,0.26,0.144,0.206
21777,0.086,0.074,0.44,0.4
21778,0.25,0.098,0.138,0.514
21779,0.464,0.17,0.104,0.262
21780,0.136,0.124,0.464,0.276
21781,0.084,0.116,0.59,0.21
21782,0.454,0.076,0.348,0.122
21783,0.308,0.144,0.11,0.438
21784,0.628,0.17,0.094,0.108
21785,0.112,0.62,0.182,0.086
21786,0.148,0.114,0.226,0.512
21787,0.14,0.654,0.09,0.116
21788,0.456,0.182,0.08,0.282
21789,0.12,0.23,0.152,0.498
21790,0.53,0.102,0.11,0.258
21791,0.25,0.174,0.11,0.466
21792,0.108,0.224,0.418,0.25
21793,0.168,0.162,0.558,0.112
21794,0.092,0.386,0.268,0.254
21795,0.324,0.062,0.44,0.174
21796,0.212,0.224,0.294,0.27
21797,0.378,0.386,0.09,0.146
21798,0.396,0.088,0.28,0.236
21799,0.164,0.102,0.18,0.554
21800,0.084,0.088,0.282,0.546
21801,0.092,0.282,0.268,0.358
21802,0.102,0.136,0.472,0.29
21803,0.102,0.114,0.434,0.35
21804,0.31,0.474,0.1,0.116
21805,0.426,0.11,0.112,0.352
21806,0.104,0.41,0.154,0.332
21807,0.12,0.336,0.176,0.368
21808,0.266,0.102,0.138,0.494
21809,0.586,0.102,0.112,0.2
21810,0.65,0.09,0.136,0.124
21811,0.236,0.512,0.18,0.072
21812,0.138,0.118,0.354,0.39
21813,0.256,0.376,0.178,0.19
21814,0.204,0.438,0.218,0.14
21815,0.392,0.108,0.33,0.17
21816,0.258,0.352,0.218,0.172
21817,0.308,0.136,0.392,0.164
21818,0.174,0.19,0.296,0.34
21819,0.212,0.202,0.194,0.392
21820,0.604,0.14,0.1,0.156
21821,0.12,0.166,0.46,0.254
21822,0.274,0.44,0.164,0.122
21823,0.172,0.382,0.26,0.186
21824,0.092,0.498,0.278,0.132
21825,0.106,0.45,0.134,0.31
21826,0.146,0.544,0.236,0.074
21827,0.086,0.146,0.628,0.14
21828,0.13,0.458,0.206,0.206
21829,0.216,0.27,0.394,0.12
21830,0.196,0.216,0.378,0.21
21831,0.238,0.272,0.196,0.294
21832,0.184,0.44,0.128,0.248
21833,0.402,0.136,0.318,0.144
21834,0.444,0.16,0.234,0.162
21835,0.124,0.406,0.172,0.298
21836,0.094,0.16,0.45,0.296
21837,0.156,0.148,0.324,0.372
21838,0.142,0.27,0.414,0.174
21839,0.146,0.382,0.202,0.27
21840,0.316,0.312,0.186,0.186
21841,0.292,0.204,0.286,0.218
21842,0.1,0.316,0.404,0.18
21843,0.336,0.14,0.292,0.232
21844,0.092,0.38,0.314,0.214
21845,0.206,0.154,0.308,0.332
21846,0.126,0.486,0.172,0.216
21847,0.464,0.148,0.178,0.21
21848,0.238,0.14,0.148,0.474
21849,0.346,0.344,0.106,0.204
21850,0.364,0.256,0.11,0.27
21851,0.142,0.632,0.082,0.144
21852,0.536,0.166,0.1,0.198
21853,0.098,0.266,0.42,0.216
21854,0.444,0.124,0.146,0.286
21855,0.12,0.236,0.164,0.48
21856,0.538,0.104,0.272,0.086
21857,0.104,0.26,0.186,0.45
21858,0.6,0.126,0.064,0.21
21859,0.536,0.08,0.112,0.272
21860,0.364,0.272,0.09,0.274
21861,0.128,0.168,0.574,0.13
21862,0.072,0.652,0.116,0.16
21863,0.092,0.428,0.186,0.294
21864,0.248,0.42,0.086,0.246
21865,0.118,0.36,0.3,0.222
21866,0.172,0.082,0.536,0.21
21867,0.096,0.102,0.204,0.598
21868,0.108,0.076,0.294,0.522
21869,0.222,0.12,0.24,0.418
21870,0.172,0.156,0.254,0.418
21871,0.586,0.106,0.102,0.206
21872,0.08,0.552,0.146,0.222
21873,0.402,0.36,0.172,0.066
21874,0.076,0.7,0.088,0.136
21875,0.348,0.21,0.086,0.356
21876,0.594,0.112,0.14,0.154
21877,0.096,0.308,0.064,0.532
21878,0.252,0.624,0.056,0.068
21879,0.178,0.204,0.098,0.52
21880,0.532,0.158,0.144,0.166
21881,0.09,0.168,0.138,0.604
21882,0.168,0.112,0.158,0.562
21883,0.094,0.236,0.166,0.504
21884,0.134,0.41,0.062,0.394
21885,0.104,0.312,0.08,0.504
21886,0.184,0.144,0.136,0.536
21887,0.1,0.08,0.34,0.48
21888,0.088,0.15,0.508,0.254
21889,0.182,0.206,0.274,0.338
21890,0.274,0.128,0.19,0.408
21891,0.366,0.13,0.338,0.166
21892,0.14,0.348,0.146,0.366
21893,0.168,0.38,0.118,0.334
21894,0.128,0.12,0.346,0.406
21895,0.08,0.106,0.638,0.176
21896,0.426,0.164,0.26,0.15
21897,0.12,0.492,0.248,0.14
21898,0.138,0.304,0.232,0.326
21899,0.162,0.166,0.554,0.118
21900,0.162,0.124,0.14,0.574
21901,0.176,0.558,0.1,0.166
21902,0.102,0.202,0.518,0.178
21903,0.118,0.14,0.53,0.212
21904,0.218,0.1,0.29,0.392
21905,0.128,0.322,0.248,0.302
21906,0.146,0.232,0.136,0.486
21907,0.142,0.25,0.162,0.446
21908,0.408,0.1,0.144,0.348
21909,0.182,0.186,0.262,0.37
21910,0.3,0.23,0.21,0.26
21911,0.142,0.522,0.196,0.14
21912,0.194,0.462,0.092,0.252
21913,0.196,0.292,0.216,0.296
21914,0.122,0.11,0.296,0.472
21915,0.288,0.266,0.236,0.21
21916,0.174,0.082,0.296,0.448
21917,0.17,0.188,0.18,0.462
21918,0.132,0.092,0.602,0.174
21919,0.226,0.124,0.512,0.138
21920,0.208,0.298,0.128,0.366
21921,0.104,0.6,0.096,0.2
21922,0.31,0.33,0.106,0.254
21923,0.134,0.092,0.23,0.544
21924,0.186,0.118,0.346,0.35
21925,0.358,0.276,0.17,0.196
21926,0.32,0.168,0.114,0.398
21927,0.11,0.132,0.496,0.262
21928,0.09,0.548,0.098,0.264
21929,0.118,0.084,0.172,0.626
21930,0.084,0.224,0.166,0.526
21931,0.116,0.164,0.102,0.618
21932,0.108,0.084,0.296,0.512
21933,0.088,0.378,0.082,0.452
21934,0.104,0.336,0.082,0.478
21935,0.162,0.176,0.156,0.506
21936,0.152,0.184,0.08,0.584
21937,0.098,0.126,0.542,0.234
21938,0.088,0.346,0.118,0.448
21939,0.102,0.218,0.098,0.582
21940,0.398,0.17,0.112,0.32
21941,0.104,0.092,0.228,0.576
21942,0.096,0.592,0.1,0.212
21943,0.08,0.294,0.094,0.532
21944,0.076,0.464,0.242,0.218
21945,0.122,0.244,0.1,0.534
21946,0.332,0.186,0.148,0.334
21947,0.492,0.202,0.114,0.192
21948,0.108,0.634,0.136,0.122
21949,0.194,0.26,0.12,0.426
21950,0.086,0.436,0.11,0.368
21951,0.12,0.272,0.244,0.364
21952,0.308,0.13,0.15,0.412
21953,0.38,0.208,0.108,0.304
21954,0.202,0.128,0.188,0.482
21955,0.374,0.144,0.22,0.262
21956,0.136,0.19,0.156,0.518
21957,0.272,0.156,0.266,0.306
21958,0.112,0.598,0.148,0.142
21959,0.152,0.138,0.134,0.576
21960,0.144,0.502,0.094,0.26
21961,0.222,0.106,0.364,0.308
21962,0.504,0.15,0.164,0.182
21963,0.094,0.56,0.214,0.132
21964,0.14,0.114,0.598,0.148
21965,0.09,0.112,0.24,0.558
21966,0.13,0.082,0.282,0.506
21967,0.404,0.108,0.29,0.198
21968,0.25,0.244,0.09,0.416
21969,0.118,0.16,0.13,0.592
21970,0.226,0.202,0.12,0.452
21971,0.11,0.298,0.5,0.092
21972,0.238,0.136,0.096,0.53
21973,0.422,0.132,0.094,0.352
21974,0.576,0.146,0.082,0.196
21975,0.098,0.144,0.248,0.51
21976,0.326,0.238,0.328,0.108
21977,0.112,0.284,0.222,0.382
21978,0.282,0.072,0.16,0.486
21979,0.174,0.21,0.068,0.548
21980,0.086,0.472,0.084,0.358
21981,0.102,0.308,0.15,0.44
21982,0.134,0.166,0.164,0.536
21983,0.096,0.094,0.288,0.522
21984,0.228,0.112,0.16,0.5
21985,0.086,0.624,0.05,0.24
21986,0.106,0.138,0.662,0.094
21987,0.104,0.276,0.124,0.496
21988,0.248,0.296,0.222,0.234
21989,0.124,0.296,0.096,0.484
21990,0.068,0.302,0.22,0.41
21991,0.25,0.212,0.094,0.444
21992,0.122,0.172,0.172,0.534
21993,0.086,0.346,0.078,0.49
21994,0.032,0.304,0.598,0.066
21995,0.078,0.188,0.192,0.542
21996,0.238,0.316,0.052,0.394
21997,0.214,0.078,0.184,0.524
21998,0.376,0.156,0.092,0.376
21999,0.054,0.68,0.146,0.12
22000,0.716,0.052,0.144,0.088
22001,0.148,0.482,0.296,0.074
22002,0.11,0.364,0.062,0.464
22003,0.1,0.24,0.5,0.16
22004,0.402,0.308,0.096,0.194
22005,0.376,0.072,0.2,0.352
22006,0.076,0.28,0.184,0.46
22007,0.24,0.454,0.092,0.214
22008,0.084,0.316,0.38,0.22
22009,0.348,0.282,0.136,0.234
22010,0.112,0.456,0.128,0.304
22011,0.084,0.352,0.266,0.298
22012,0.204,0.356,0.164,0.276
22013,0.224,0.306,0.314,0.156
22014,0.094,0.12,0.634,0.152
22015,0.114,0.164,0.316,0.406
22016,0.106,0.316,0.288,0.29
22017,0.062,0.494,0.32,0.124
22018,0.132,0.25,0.286,0.332
22019,0.204,0.106,0.422,0.268
22020,0.136,0.164,0.486,0.214
22021,0.216,0.166,0.228,0.39
22022,0.324,0.224,0.122,0.33
22023,0.184,0.208,0.33,0.278
22024,0.216,0.134,0.214,0.436
22025,0.31,0.224,0.158,0.308
22026,0.57,0.1,0.132,0.198
22027,0.354,0.128,0.192,0.326
22028,0.346,0.164,0.184,0.306
22029,0.116,0.21,0.172,0.502
22030,0.288,0.13,0.404,0.178
22031,0.214,0.158,0.158,0.47
22032,0.158,0.234,0.196,0.412
22033,0.286,0.136,0.392,0.186
22034,0.568,0.126,0.094,0.212
22035,0.312,0.158,0.118,0.412
22036,0.466,0.138,0.16,0.236
22037,0.2,0.204,0.078,0.518
22038,0.156,0.266,0.116,0.462
22039,0.462,0.22,0.082,0.236
22040,0.202,0.368,0.196,0.234
22041,0.162,0.068,0.584,0.186
22042,0.226,0.128,0.416,0.23
22043,0.268,0.374,0.206,0.152
22044,0.254,0.12,0.282,0.344
22045,0.098,0.46,0.248,0.194
22046,0.292,0.18,0.272,0.256
22047,0.148,0.312,0.364,0.176
22048,0.102,0.626,0.202,0.07
22049,0.084,0.51,0.168,0.238
22050,0.118,0.388,0.202,0.292
22051,0.274,0.248,0.37,0.108
22052,0.356,0.374,0.134,0.136
22053,0.084,0.724,0.088,0.104
22054,0.068,0.16,0.682,0.09
22055,0.138,0.446,0.31,0.106
22056,0.114,0.248,0.544,0.094
22057,0.346,0.154,0.294,0.206
22058,0.154,0.474,0.266,0.106
22059,0.438,0.378,0.064,0.12
22060,0.21,0.14,0.104,0.546
22061,0.076,0.158,0.532,0.234
22062,0.036,0.174,0.628,0.162
22063,0.05,0.688,0.118,0.144
22064,0.596,0.106,0.15,0.148
22065,0.096,0.142,0.464,0.298
22066,0.482,0.068,0.104,0.346
22067,0.382,0.166,0.064,0.388
22068,0.1,0.75,0.024,0.126
22069,0.076,0.462,0.068,0.394
22070,0.236,0.092,0.076,0.596
22071,0.246,0.164,0.106,0.484
22072,0.04,0.584,0.21,0.166
22073,0.14,0.132,0.418,0.31
22074,0.046,0.742,0.116,0.096
22075,0.128,0.232,0.294,0.346
22076,0.704,0.072,0.066,0.158
22077,0.19,0.13,0.122,0.558
22078,0.226,0.15,0.092,0.532
22079,0.394,0.116,0.09,0.4
22080,0.108,0.092,0.492,0.308
22081,0.098,0.624,0.11,0.168
22082,0.504,0.14,0.11,0.246
22083,0.072,0.518,0.134,0.276
22084,0.122,0.224,0.102,0.552
22085,0.25,0.088,0.176,0.486
22086,0.098,0.356,0.11,0.436
22087,0.082,0.104,0.36,0.454
22088,0.124,0.266,0.128,0.482
22089,0.086,0.492,0.176,0.246
22090,0.14,0.176,0.176,0.508
22091,0.08,0.1,0.58,0.24
22092,0.462,0.22,0.078,0.24
22093,0.104,0.18,0.414,0.302
22094,0.14,0.092,0.258,0.51
22095,0.114,0.132,0.122,0.632
22096,0.108,0.07,0.574,0.248
22097,0.384,0.118,0.12,0.378
22098,0.254,0.118,0.538,0.09
22099,0.132,0.374,0.11,0.384
22100,0.112,0.132,0.598,0.158
22101,0.372,0.17,0.114,0.344
22102,0.086,0.386,0.134,0.394
22103,0.206,0.198,0.15,0.446
22104,0.236,0.232,0.08,0.452
22105,0.096,0.338,0.144,0.422
22106,0.456,0.15,0.148,0.246
22107,0.108,0.092,0.54,0.26
22108,0.388,0.162,0.178,0.272
22109,0.334,0.382,0.068,0.216
22110,0.164,0.086,0.134,0.616
22111,0.318,0.142,0.114,0.426
22112,0.122,0.168,0.494,0.216
22113,0.104,0.536,0.124,0.236
22114,0.216,0.092,0.142,0.55
22115,0.176,0.134,0.152,0.538
22116,0.088,0.218,0.496,0.198
22117,0.2,0.184,0.452,0.164
22118,0.59,0.11,0.104,0.196
22119,0.126,0.474,0.116,0.284
22120,0.14,0.12,0.426,0.314
22121,0.146,0.198,0.144,0.512
22122,0.15,0.206,0.55,0.094
22123,0.082,0.524,0.138,0.256
22124,0.092,0.356,0.246,0.306
22125,0.272,0.134,0.164,0.43
22126,0.182,0.144,0.18,0.494
22127,0.542,0.098,0.166,0.194
22128,0.43,0.194,0.178,0.198
22129,0.142,0.118,0.188,0.552
22130,0.13,0.298,0.474,0.098
22131,0.55,0.126,0.174,0.15
22132,0.138,0.25,0.368,0.244
22133,0.092,0.124,0.574,0.21
22134,0.274,0.118,0.148,0.46
22135,0.55,0.082,0.118,0.25
22136,0.174,0.34,0.058,0.428
22137,0.092,0.306,0.242,0.36
22138,0.112,0.532,0.068,0.288
22139,0.126,0.262,0.276,0.336
22140,0.074,0.066,0.63,0.23
22141,0.052,0.222,0.342,0.384
22142,0.258,0.054,0.398,0.29
22143,0.052,0.426,0.336,0.186
22144,0.048,0.252,0.55,0.15
22145,0.086,0.06,0.48,0.374
22146,0.096,0.052,0.662,0.19
22147,0.18,0.088,0.246,0.486
22148,0.452,0.094,0.046,0.408
22149,0.054,0.536,0.056,0.354
22150,0.084,0.056,0.714,0.146
22151,0.098,0.056,0.644,0.202
22152,0.21,0.06,0.064,0.666
22153,0.042,0.402,0.48,0.076
22154,0.05,0.528,0.056,0.366
22155,0.096,0.262,0.236,0.406
22156,0.058,0.434,0.248,0.26
22157,0.126,0.442,0.246,0.186
22158,0.106,0.378,0.134,0.382
22159,0.09,0.36,0.372,0.178
22160,0.096,0.19,0.114,0.6
22161,0.07,0.232,0.24,0.458
22162,0.144,0.17,0.398,0.288
22163,0.3,0.144,0.114,0.442
22164,0.062,0.06,0.606,0.272
22165,0.066,0.58,0.128,0.226
22166,0.402,0.46,0.052,0.086
22167,0.53,0.206,0.146,0.118
22168,0.162,0.104,0.512,0.222
22169,0.478,0.076,0.164,0.282
22170,0.066,0.294,0.482,0.158
22171,0.122,0.368,0.228,0.282
22172,0.254,0.122,0.128,0.496
22173,0.246,0.418,0.096,0.24
22174,0.466,0.144,0.118,0.272
22175,0.108,0.414,0.12,0.358
22176,0.218,0.136,0.196,0.45
22177,0.176,0.096,0.164,0.564
22178,0.274,0.32,0.138,0.268
22179,0.112,0.26,0.13,0.498
22180,0.196,0.158,0.476,0.17
22181,0.148,0.486,0.108,0.258
22182,0.368,0.076,0.232,0.324
22183,0.196,0.414,0.1,0.29
22184,0.234,0.098,0.142,0.526
22185,0.204,0.278,0.102,0.416
22186,0.134,0.426,0.112,0.328
22187,0.136,0.264,0.114,0.486
22188,0.202,0.2,0.262,0.336
22189,0.218,0.046,0.368,0.368
22190,0.104,0.382,0.124,0.39
22191,0.196,0.13,0.494,0.18
22192,0.08,0.118,0.23,0.572
22193,0.124,0.142,0.16,0.574
22194,0.25,0.18,0.088,0.482
22195,0.174,0.532,0.182,0.112
22196,0.212,0.09,0.124,0.574
22197,0.12,0.386,0.086,0.408
22198,0.138,0.126,0.156,0.58
22199,0.606,0.128,0.076,0.19
22200,0.396,0.08,0.112,0.412
22201,0.118,0.592,0.1,0.19
22202,0.536,0.212,0.09,0.162
22203,0.564,0.186,0.104,0.146
22204,0.158,0.166,0.078,0.598
22205,0.26,0.164,0.168,0.408
22206,0.11,0.136,0.34,0.414
22207,0.116,0.126,0.25,0.508
22208,0.232,0.186,0.112,0.47
22209,0.16,0.128,0.128,0.584
22210,0.104,0.198,0.136,0.562
22211,0.152,0.194,0.076,0.578
22212,0.098,0.294,0.276,0.332
22213,0.138,0.234,0.162,0.466
22214,0.106,0.196,0.37,0.328
22215,0.102,0.15,0.57,0.178
22216,0.406,0.188,0.15,0.256
22217,0.106,0.146,0.522,0.226
22218,0.112,0.268,0.088,0.532
22219,0.254,0.162,0.13,0.454
22220,0.612,0.078,0.116,0.194
22221,0.134,0.17,0.17,0.526
22222,0.58,0.13,0.156,0.134
22223,0.262,0.34,0.11,0.288
22224,0.198,0.138,0.216,0.448
22225,0.62,0.16,0.108,0.112
22226,0.094,0.11,0.616,0.18
22227,0.2,0.188,0.298,0.314
22228,0.092,0.574,0.104,0.23
22229,0.212,0.44,0.112,0.236
22230,0.23,0.124,0.484,0.162
22231,0.708,0.094,0.088,0.11
22232,0.418,0.12,0.092,0.37
22233,0.128,0.152,0.31,0.41
22234,0.4,0.422,0.064,0.114
22235,0.412,0.07,0.088,0.43
22236,0.726,0.07,0.064,0.14
22237,0.2,0.088,0.276,0.436
22238,0.052,0.14,0.584,0.224
22239,0.096,0.63,0.154,0.12
22240,0.074,0.224,0.324,0.378
22241,0.294,0.146,0.128,0.432
22242,0.396,0.2,0.066,0.338
22243,0.076,0.56,0.064,0.3
22244,0.272,0.502,0.052,0.174
22245,0.584,0.106,0.068,0.242
22246,0.068,0.572,0.072,0.288
22247,0.092,0.102,0.472,0.334
22248,0.48,0.096,0.326,0.098
22249,0.088,0.116,0.322,0.474
22250,0.39,0.088,0.18,0.342
22251,0.074,0.084,0.298,0.544
22252,0.1,0.074,0.472,0.354
22253,0.168,0.398,0.102,0.332
22254,0.076,0.106,0.296,0.522
22255,0.116,0.102,0.276,0.506
22256,0.222,0.086,0.176,0.516
22257,0.452,0.114,0.148,0.286
22258,0.076,0.252,0.296,0.376
22259,0.168,0.108,0.126,0.598
22260,0.092,0.07,0.252,0.586
22261,0.154,0.146,0.344,0.356
22262,0.318,0.172,0.1,0.41
22263,0.096,0.184,0.104,0.616
22264,0.364,0.194,0.108,0.334
22265,0.19,0.192,0.362,0.256
22266,0.182,0.076,0.234,0.508
22267,0.08,0.114,0.396,0.41
22268,0.194,0.196,0.116,0.494
22269,0.22,0.536,0.098,0.146
22270,0.184,0.146,0.3,0.37
22271,0.216,0.182,0.344,0.258
22272,0.202,0.36,0.086,0.352
22273,0.216,0.222,0.28,0.282
22274,0.182,0.454,0.11,0.254
22275,0.106,0.496,0.148,0.25
22276,0.09,0.262,0.316,0.332
22277,0.336,0.25,0.282,0.132
22278,0.12,0.324,0.278,0.278
22279,0.392,0.23,0.1,0.278
22280,0.268,0.136,0.252,0.344
22281,0.6,0.108,0.11,0.182
22282,0.1,0.328,0.472,0.1
22283,0.174,0.176,0.22,0.43
22284,0.248,0.254,0.384,0.114
22285,0.13,0.326,0.112,0.432
22286,0.238,0.082,0.342,0.338
22287,0.296,0.25,0.11,0.344
22288,0.288,0.294,0.158,0.26
22289,0.138,0.428,0.122,0.312
22290,0.258,0.106,0.362,0.274
22291,0.444,0.126,0.108,0.322
22292,0.31,0.134,0.142,0.414
22293,0.174,0.33,0.114,0.382
22294,0.296,0.274,0.124,0.306
22295,0.28,0.172,0.298,0.25
22296,0.164,0.186,0.262,0.388
22297,0.148,0.196,0.282,0.374
22298,0.116,0.25,0.366,0.268
22299,0.108,0.368,0.152,0.372
22300,0.542,0.206,0.098,0.154
22301,0.078,0.154,0.522,0.246
22302,0.158,0.346,0.122,0.374
22303,0.22,0.24,0.158,0.382
22304,0.144,0.326,0.106,0.424
22305,0.09,0.304,0.194,0.412
22306,0.202,0.172,0.454,0.172
22307,0.142,0.31,0.114,0.434
22308,0.116,0.236,0.214,0.434
22309,0.434,0.104,0.092,0.37
22310,0.25,0.094,0.19,0.466
22311,0.176,0.342,0.086,0.396
22312,0.436,0.136,0.12,0.308
22313,0.336,0.162,0.162,0.34
22314,0.254,0.282,0.126,0.338
22315,0.254,0.222,0.11,0.414
22316,0.09,0.376,0.114,0.42
22317,0.118,0.332,0.156,0.394
22318,0.154,0.128,0.382,0.336
22319,0.27,0.226,0.124,0.38
22320,0.116,0.266,0.266,0.352
22321,0.246,0.158,0.126,0.47
22322,0.114,0.148,0.438,0.3
22323,0.128,0.228,0.172,0.472
22324,0.104,0.28,0.26,0.356
22325,0.144,0.224,0.158,0.474
22326,0.376,0.122,0.236,0.266
22327,0.358,0.356,0.176,0.11
22328,0.22,0.174,0.354,0.252
22329,0.26,0.198,0.18,0.362
22330,0.326,0.124,0.27,0.28
22331,0.206,0.206,0.09,0.498
22332,0.108,0.136,0.306,0.45
22333,0.434,0.08,0.37,0.116
22334,0.112,0.08,0.502,0.306
22335,0.486,0.172,0.154,0.188
22336,0.386,0.282,0.174,0.158
22337,0.176,0.25,0.378,0.196
22338,0.136,0.354,0.134,0.376
22339,0.16,0.174,0.482,0.184
22340,0.126,0.332,0.108,0.434
22341,0.23,0.156,0.152,0.462
22342,0.214,0.282,0.308,0.196
22343,0.122,0.58,0.162,0.136
22344,0.148,0.494,0.244,0.114
22345,0.484,0.132,0.154,0.23
22346,0.326,0.174,0.122,0.378
22347,0.114,0.332,0.328,0.226
22348,0.126,0.24,0.448,0.186
22349,0.292,0.32,0.216,0.172
22350,0.29,0.22,0.346,0.144
22351,0.26,0.2,0.38,0.16
22352,0.496,0.134,0.194,0.176
22353,0.14,0.122,0.402,0.336
22354,0.184,0.494,0.114,0.208
22355,0.22,0.252,0.188,0.34
22356,0.116,0.142,0.48,0.262
22357,0.222,0.458,0.162,0.158
22358,0.514,0.13,0.152,0.204
22359,0.24,0.37,0.248,0.142
22360,0.214,0.406,0.132,0.248
22361,0.196,0.274,0.138,0.392
22362,0.196,0.206,0.276,0.322
22363,0.126,0.144,0.312,0.418
22364,0.196,0.234,0.328,0.242
22365,0.186,0.142,0.396,0.276
22366,0.444,0.212,0.286,0.058
22367,0.536,0.108,0.118,0.238
22368,0.194,0.542,0.09,0.174
22369,0.12,0.616,0.102,0.162
22370,0.208,0.426,0.158,0.208
22371,0.492,0.104,0.14,0.264
22372,0.26,0.49,0.082,0.168
22373,0.372,0.09,0.202,0.336
22374,0.178,0.602,0.064,0.156
22375,0.066,0.69,0.06,0.184
22376,0.35,0.114,0.1,0.436
22377,0.238,0.378,0.13,0.254
22378,0.122,0.092,0.66,0.126
22379,0.41,0.32,0.1,0.17
22380,0.066,0.13,0.446,0.358
22381,0.122,0.316,0.152,0.41
22382,0.046,0.476,0.096,0.382
22383,0.306,0.086,0.186,0.422
22384,0.274,0.504,0.056,0.166
22385,0.328,0.132,0.434,0.106
22386,0.168,0.246,0.51,0.076
22387,0.176,0.21,0.192,0.422
22388,0.566,0.248,0.082,0.104
22389,0.136,0.266,0.376,0.222
22390,0.16,0.24,0.148,0.452
22391,0.464,0.188,0.138,0.21
22392,0.144,0.314,0.22,0.322
22393,0.102,0.082,0.534,0.282
22394,0.076,0.272,0.25,0.402
22395,0.296,0.406,0.104,0.194
22396,0.128,0.078,0.246,0.548
22397,0.368,0.242,0.126,0.264
22398,0.234,0.094,0.44,0.232
22399,0.082,0.214,0.608,0.096
22400,0.084,0.15,0.648,0.118
22401,0.564,0.074,0.14,0.222
22402,0.19,0.302,0.238,0.27
22403,0.204,0.162,0.204,0.43
22404,0.424,0.086,0.352,0.138
22405,0.092,0.3,0.142,0.466
22406,0.108,0.498,0.106,0.288
22407,0.118,0.126,0.378,0.378
22408,0.096,0.148,0.602,0.154
22409,0.4,0.174,0.274,0.152
22410,0.164,0.526,0.23,0.08
22411,0.132,0.324,0.338,0.206
22412,0.152,0.198,0.542,0.108
22413,0.17,0.124,0.206,0.5
22414,0.19,0.548,0.098,0.164
22415,0.074,0.204,0.548,0.174
22416,0.084,0.17,0.566,0.18
22417,0.256,0.11,0.34,0.294
22418,0.114,0.442,0.3,0.144
22419,0.134,0.268,0.146,0.452
22420,0.114,0.438,0.182,0.266
22421,0.326,0.068,0.464,0.142
22422,0.122,0.292,0.104,0.482
22423,0.098,0.156,0.628,0.118
22424,0.464,0.146,0.128,0.262
22425,0.096,0.276,0.15,0.478
22426,0.284,0.204,0.156,0.356
22427,0.354,0.244,0.11,0.292
22428,0.128,0.294,0.118,0.46
22429,0.52,0.174,0.122,0.184
22430,0.106,0.11,0.51,0.274
22431,0.298,0.13,0.19,0.382
22432,0.26,0.444,0.11,0.186
22433,0.128,0.114,0.128,0.63
22434,0.336,0.19,0.142,0.332
22435,0.088,0.172,0.494,0.246
22436,0.124,0.522,0.09,0.264
22437,0.194,0.124,0.18,0.502
22438,0.114,0.154,0.144,0.588
22439,0.112,0.168,0.504,0.216
22440,0.19,0.368,0.222,0.22
22441,0.306,0.226,0.372,0.096
22442,0.164,0.274,0.408,0.154
22443,0.186,0.478,0.162,0.174
22444,0.252,0.196,0.402,0.15
22445,0.142,0.47,0.228,0.16
22446,0.188,0.328,0.352,0.132
22447,0.316,0.358,0.124,0.202
22448,0.142,0.28,0.464,0.114
22449,0.198,0.428,0.16,0.214
22450,0.186,0.256,0.288,0.27
22451,0.144,0.444,0.238,0.174
22452,0.156,0.418,0.168,0.258
22453,0.144,0.22,0.302,0.334
22454,0.34,0.376,0.162,0.122
22455,0.396,0.21,0.114,0.28
22456,0.282,0.252,0.256,0.21
22457,0.186,0.346,0.296,0.172
22458,0.128,0.43,0.27,0.172
22459,0.318,0.418,0.184,0.08
22460,0.264,0.194,0.414,0.128
22461,0.294,0.186,0.318,0.202
22462,0.332,0.34,0.136,0.192
22463,0.132,0.4,0.182,0.286
22464,0.208,0.292,0.148,0.352
22465,0.306,0.466,0.12,0.108
22466,0.218,0.296,0.188,0.298
22467,0.338,0.394,0.16,0.108
22468,0.248,0.204,0.318,0.23
22469,0.266,0.382,0.208,0.144
22470,0.216,0.398,0.138,0.248
22471,0.422,0.382,0.078,0.118
22472,0.114,0.406,0.27,0.21
22473,0.382,0.362,0.148,0.108
22474,0.502,0.134,0.24,0.124
22475,0.358,0.384,0.152,0.106
22476,0.266,0.142,0.312,0.28
22477,0.122,0.378,0.294,0.206
22478,0.164,0.096,0.454,0.286
22479,0.262,0.112,0.084,0.542
22480,0.082,0.184,0.224,0.51
22481,0.088,0.222,0.082,0.608
22482,0.178,0.21,0.104,0.508
22483,0.146,0.168,0.104,0.582
22484,0.16,0.196,0.062,0.582
22485,0.108,0.314,0.172,0.406
22486,0.1,0.144,0.336,0.42
22487,0.094,0.098,0.25,0.558
22488,0.08,0.144,0.354,0.422
22489,0.212,0.096,0.306,0.386
22490,0.088,0.326,0.102,0.484
22491,0.08,0.344,0.084,0.492
22492,0.116,0.242,0.28,0.362
22493,0.094,0.358,0.276,0.272
22494,0.15,0.114,0.272,0.464
22495,0.13,0.254,0.378,0.238
22496,0.228,0.094,0.142,0.536
22497,0.166,0.502,0.204,0.128
22498,0.134,0.24,0.23,0.396
22499,0.372,0.114,0.094,0.42
22500,0.548,0.124,0.116,0.212
22501,0.442,0.148,0.134,0.276
22502,0.208,0.174,0.118,0.5
22503,0.274,0.132,0.148,0.446
22504,0.118,0.338,0.112,0.432
22505,0.298,0.114,0.096,0.492
22506,0.256,0.18,0.246,0.318
22507,0.106,0.46,0.124,0.31
22508,0.116,0.572,0.088,0.224
22509,0.442,0.126,0.122,0.31
22510,0.1,0.596,0.142,0.162
22511,0.158,0.152,0.454,0.236
22512,0.2,0.108,0.254,0.438
22513,0.184,0.104,0.18,0.532
22514,0.104,0.58,0.116,0.2
22515,0.126,0.114,0.37,0.39
22516,0.086,0.388,0.216,0.31
22517,0.184,0.078,0.246,0.492
22518,0.188,0.204,0.17,0.438
22519,0.136,0.308,0.068,0.488
22520,0.31,0.296,0.1,0.294
22521,0.098,0.366,0.18,0.356
22522,0.108,0.112,0.426,0.354
22523,0.062,0.564,0.118,0.256
22524,0.124,0.114,0.338,0.424
22525,0.26,0.108,0.382,0.25
22526,0.358,0.246,0.094,0.302
22527,0.116,0.348,0.14,0.396
22528,0.082,0.104,0.438,0.376
22529,0.096,0.42,0.186,0.298
22530,0.176,0.08,0.214,0.53
22531,0.116,0.086,0.52,0.278
22532,0.186,0.188,0.11,0.516
22533,0.088,0.37,0.142,0.4
22534,0.196,0.28,0.094,0.43
22535,0.106,0.238,0.278,0.378
22536,0.104,0.378,0.224,0.294
22537,0.128,0.368,0.312,0.192
22538,0.104,0.284,0.142,0.47
22539,0.118,0.338,0.352,0.192
22540,0.104,0.204,0.134,0.558
22541,0.078,0.252,0.218,0.452
22542,0.144,0.15,0.37,0.336
22543,0.328,0.116,0.142,0.414
22544,0.086,0.092,0.532,0.29
22545,0.094,0.456,0.164,0.286
22546,0.384,0.408,0.06,0.148
22547,0.49,0.212,0.172,0.126
22548,0.154,0.112,0.456,0.278
22549,0.392,0.08,0.232,0.296
22550,0.088,0.264,0.496,0.152
22551,0.118,0.33,0.26,0.292
22552,0.196,0.136,0.11,0.558
22553,0.248,0.424,0.066,0.262
22554,0.106,0.106,0.512,0.276
22555,0.058,0.238,0.41,0.294
22556,0.092,0.738,0.132,0.038
22557,0.122,0.204,0.114,0.56
22558,0.208,0.104,0.636,0.052
22559,0.12,0.458,0.176,0.246
22560,0.094,0.188,0.114,0.604
22561,0.086,0.606,0.226,0.082
22562,0.378,0.322,0.224,0.076
22563,0.384,0.09,0.168,0.358
22564,0.384,0.062,0.15,0.404
22565,0.112,0.166,0.396,0.326
22566,0.384,0.35,0.208,0.058
22567,0.126,0.096,0.448,0.33
22568,0.19,0.094,0.106,0.61
22569,0.388,0.072,0.474,0.066
22570,0.17,0.31,0.106,0.414
22571,0.36,0.342,0.05,0.248
22572,0.098,0.502,0.084,0.316
22573,0.31,0.21,0.112,0.368
22574,0.174,0.096,0.32,0.41
22575,0.082,0.342,0.332,0.244
22576,0.274,0.444,0.092,0.19
22577,0.376,0.426,0.148,0.05
22578,0.064,0.354,0.51,0.072
22579,0.102,0.204,0.146,0.548
22580,0.364,0.268,0.264,0.104
22581,0.116,0.164,0.288,0.432
22582,0.328,0.118,0.49,0.064
22583,0.2,0.176,0.424,0.2
22584,0.064,0.34,0.38,0.216
22585,0.252,0.322,0.112,0.314
22586,0.078,0.632,0.086,0.204
22587,0.27,0.098,0.11,0.522
22588,0.272,0.104,0.224,0.4
22589,0.302,0.558,0.096,0.044
22590,0.104,0.09,0.3,0.506
22591,0.264,0.094,0.568,0.074
22592,0.162,0.446,0.222,0.17
22593,0.214,0.194,0.176,0.416
22594,0.146,0.17,0.416,0.268
22595,0.076,0.154,0.272,0.498
22596,0.306,0.272,0.23,0.192
22597,0.156,0.18,0.344,0.32
22598,0.09,0.432,0.098,0.38
22599,0.18,0.126,0.148,0.546
22600,0.116,0.226,0.136,0.522
22601,0.294,0.11,0.134,0.462
22602,0.378,0.168,0.11,0.344
22603,0.388,0.154,0.178,0.28
22604,0.114,0.266,0.332,0.288
22605,0.46,0.192,0.116,0.232
22606,0.216,0.194,0.392,0.198
22607,0.184,0.134,0.234,0.448
22608,0.116,0.398,0.118,0.368
22609,0.202,0.252,0.082,0.464
22610,0.096,0.434,0.134,0.336
22611,0.104,0.178,0.34,0.378
22612,0.114,0.128,0.36,0.398
22613,0.392,0.21,0.118,0.28
22614,0.486,0.182,0.134,0.198
22615,0.146,0.45,0.168,0.236
22616,0.53,0.112,0.148,0.21
22617,0.254,0.144,0.436,0.166
22618,0.384,0.104,0.25,0.262
22619,0.112,0.3,0.11,0.478
22620,0.102,0.516,0.086,0.296
22621,0.244,0.122,0.294,0.34
22622,0.304,0.24,0.128,0.328
22623,0.094,0.366,0.098,0.442
22624,0.108,0.314,0.132,0.446
22625,0.256,0.196,0.14,0.408
22626,0.35,0.112,0.202,0.336
22627,0.23,0.126,0.238,0.406
22628,0.1,0.206,0.48,0.214
22629,0.124,0.36,0.174,0.342
22630,0.258,0.39,0.248,0.104
22631,0.296,0.384,0.098,0.222
22632,0.222,0.286,0.188,0.304
22633,0.108,0.182,0.31,0.4
22634,0.122,0.416,0.17,0.292
22635,0.116,0.378,0.156,0.35
22636,0.168,0.52,0.142,0.17
22637,0.478,0.174,0.144,0.204
22638,0.232,0.25,0.158,0.36
22639,0.19,0.322,0.148,0.34
22640,0.144,0.202,0.382,0.272
22641,0.166,0.408,0.252,0.174
22642,0.154,0.27,0.156,0.42
22643,0.166,0.166,0.25,0.418
22644,0.12,0.314,0.43,0.136
22645,0.252,0.166,0.238,0.344
22646,0.164,0.202,0.272,0.362
22647,0.39,0.29,0.154,0.166
22648,0.468,0.268,0.102,0.162
22649,0.102,0.476,0.142,0.28
22650,0.112,0.402,0.102,0.384
22651,0.132,0.152,0.408,0.308
22652,0.146,0.118,0.184,0.552
22653,0.08,0.276,0.436,0.208
22654,0.13,0.158,0.196,0.516
22655,0.108,0.514,0.126,0.252
22656,0.138,0.238,0.41,0.214
22657,0.3,0.192,0.162,0.346
22658,0.142,0.154,0.214,0.49
22659,0.154,0.142,0.51,0.194
22660,0.53,0.176,0.114,0.18
22661,0.258,0.178,0.33,0.234
22662,0.11,0.19,0.59,0.11
22663,0.144,0.622,0.072,0.162
22664,0.104,0.542,0.098,0.256
22665,0.34,0.162,0.286,0.212
22666,0.21,0.26,0.148,0.382
22667,0.094,0.262,0.484,0.16
22668,0.124,0.252,0.142,0.482
22669,0.138,0.13,0.23,0.502
22670,0.126,0.25,0.152,0.472
22671,0.116,0.098,0.472,0.314
22672,0.29,0.118,0.204,0.388
22673,0.304,0.19,0.12,0.386
22674,0.142,0.174,0.42,0.264
22675,0.088,0.168,0.288,0.456
22676,0.126,0.408,0.114,0.352
22677,0.252,0.144,0.156,0.448
22678,0.182,0.238,0.238,0.342
22679,0.104,0.394,0.1,0.402
22680,0.096,0.194,0.272,0.438
22681,0.128,0.346,0.118,0.408
22682,0.31,0.422,0.052,0.216
22683,0.092,0.076,0.568,0.264
22684,0.138,0.38,0.198,0.284
22685,0.21,0.14,0.294,0.356
22686,0.49,0.08,0.084,0.346
22687,0.068,0.448,0.082,0.402
22688,0.684,0.146,0.126,0.044
22689,0.204,0.424,0.224,0.148
22690,0.076,0.328,0.432,0.164
22691,0.114,0.32,0.426,0.14
22692,0.078,0.422,0.106,0.394
22693,0.114,0.49,0.056,0.34
22694,0.498,0.088,0.22,0.194
22695,0.122,0.148,0.278,0.452
22696,0.068,0.5,0.052,0.38
22697,0.066,0.454,0.056,0.424
22698,0.35,0.202,0.062,0.386
22699,0.56,0.098,0.152,0.19
22700,0.356,0.112,0.084,0.448
22701,0.078,0.314,0.074,0.534
22702,0.228,0.064,0.532,0.176
22703,0.136,0.09,0.668,0.106
22704,0.052,0.468,0.064,0.416
22705,0.064,0.342,0.182,0.412
22706,0.282,0.09,0.284,0.344
22707,0.09,0.54,0.208,0.162
22708,0.084,0.278,0.432,0.206
22709,0.108,0.556,0.122,0.214
22710,0.188,0.23,0.112,0.47
22711,0.474,0.156,0.172,0.198
22712,0.136,0.232,0.104,0.528
22713,0.204,0.154,0.194,0.448
22714,0.118,0.158,0.48,0.244
22715,0.242,0.312,0.102,0.344
22716,0.14,0.166,0.216,0.478
22717,0.158,0.104,0.332,0.406
22718,0.3,0.096,0.152,0.452
22719,0.524,0.102,0.106,0.268
22720,0.076,0.332,0.272,0.32
22721,0.406,0.146,0.092,0.356
22722,0.194,0.156,0.206,0.444
22723,0.152,0.406,0.102,0.34
22724,0.192,0.1,0.574,0.134
22725,0.136,0.414,0.24,0.21
22726,0.132,0.52,0.094,0.254
22727,0.084,0.334,0.452,0.13
22728,0.13,0.462,0.212,0.196
22729,0.296,0.372,0.176,0.156
22730,0.12,0.324,0.17,0.386
22731,0.094,0.452,0.248,0.206
22732,0.246,0.318,0.174,0.262
22733,0.162,0.392,0.19,0.256
22734,0.154,0.454,0.124,0.268
22735,0.076,0.468,0.38,0.076
22736,0.13,0.27,0.342,0.258
22737,0.414,0.23,0.106,0.25
22738,0.438,0.128,0.226,0.208
22739,0.284,0.344,0.144,0.228
22740,0.108,0.544,0.148,0.2
22741,0.478,0.176,0.202,0.144
22742,0.19,0.286,0.43,0.094
22743,0.168,0.42,0.124,0.288
22744,0.196,0.472,0.13,0.202
22745,0.324,0.192,0.138,0.346
22746,0.188,0.39,0.23,0.192
22747,0.54,0.182,0.092,0.186
22748,0.422,0.12,0.368,0.09
22749,0.118,0.146,0.534,0.202
22750,0.142,0.29,0.436,0.132
22751,0.262,0.3,0.362,0.076
22752,0.348,0.146,0.316,0.19
22753,0.302,0.398,0.146,0.154
22754,0.316,0.402,0.214,0.068
22755,0.13,0.214,0.316,0.34
22756,0.254,0.252,0.224,0.27
22757,0.304,0.122,0.264,0.31
22758,0.114,0.33,0.446,0.11
22759,0.346,0.304,0.098,0.252
22760,0.11,0.2,0.494,0.196
22761,0.098,0.448,0.13,0.324
22762,0.136,0.24,0.508,0.116
22763,0.112,0.404,0.24,0.244
22764,0.184,0.5,0.064,0.252
22765,0.342,0.29,0.11,0.258
22766,0.406,0.282,0.22,0.092
22767,0.168,0.094,0.406,0.332
22768,0.096,0.154,0.418,0.332
22769,0.108,0.702,0.062,0.128
22770,0.388,0.176,0.108,0.328
22771,0.278,0.086,0.512,0.124
22772,0.436,0.164,0.194,0.206
22773,0.098,0.544,0.104,0.254
22774,0.11,0.422,0.246,0.222
22775,0.108,0.568,0.21,0.114
22776,0.208,0.328,0.114,0.35
22777,0.122,0.414,0.256,0.208
22778,0.082,0.16,0.458,0.3
22779,0.284,0.338,0.192,0.186
22780,0.276,0.402,0.198,0.124
22781,0.108,0.186,0.446,0.26
22782,0.096,0.066,0.34,0.498
22783,0.078,0.074,0.454,0.394
22784,0.13,0.428,0.102,0.34
22785,0.24,0.402,0.194,0.164
22786,0.144,0.052,0.272,0.532
22787,0.306,0.102,0.154,0.438
22788,0.518,0.064,0.152,0.266
22789,0.508,0.084,0.08,0.328
22790,0.052,0.406,0.426,0.116
22791,0.118,0.246,0.092,0.544
22792,0.058,0.076,0.694,0.172
22793,0.652,0.122,0.058,0.168
22794,0.066,0.264,0.358,0.312
22795,0.126,0.372,0.068,0.434
22796,0.514,0.082,0.072,0.332
22797,0.056,0.058,0.594,0.292
22798,0.126,0.062,0.284,0.528
22799,0.574,0.088,0.084,0.254
22800,0.33,0.076,0.268,0.326
22801,0.1,0.312,0.224,0.364
22802,0.074,0.316,0.194,0.416
22803,0.554,0.224,0.106,0.116
22804,0.308,0.138,0.28,0.274
22805,0.226,0.28,0.108,0.386
22806,0.148,0.404,0.094,0.354
22807,0.404,0.09,0.294,0.212
22808,0.096,0.428,0.196,0.28
22809,0.144,0.202,0.484,0.17
22810,0.164,0.436,0.178,0.222
22811,0.13,0.19,0.346,0.334
22812,0.13,0.414,0.142,0.314
22813,0.456,0.118,0.22,0.206
22814,0.226,0.464,0.112,0.198
22815,0.184,0.394,0.154,0.268
22816,0.182,0.246,0.148,0.424
22817,0.48,0.192,0.108,0.22
22818,0.106,0.468,0.224,0.202
22819,0.156,0.18,0.38,0.284
22820,0.148,0.242,0.414,0.196
22821,0.1,0.126,0.36,0.414
22822,0.27,0.098,0.338,0.294
22823,0.106,0.396,0.1,0.398
22824,0.12,0.432,0.136,0.312
22825,0.23,0.104,0.534,0.132
22826,0.134,0.118,0.182,0.566
22827,0.534,0.122,0.096,0.248
22828,0.112,0.156,0.608,0.124
22829,0.088,0.438,0.202,0.272
22830,0.112,0.11,0.628,0.15
22831,0.138,0.452,0.092,0.318
22832,0.128,0.116,0.564,0.192
22833,0.17,0.62,0.068,0.142
22834,0.11,0.108,0.24,0.542
22835,0.228,0.14,0.102,0.53
22836,0.172,0.43,0.094,0.304
22837,0.146,0.334,0.122,0.398
22838,0.246,0.2,0.108,0.446
22839,0.17,0.208,0.314,0.308
22840,0.394,0.094,0.15,0.362
22841,0.154,0.118,0.158,0.57
22842,0.428,0.12,0.116,0.336
22843,0.204,0.13,0.4,0.266
22844,0.296,0.14,0.444,0.12
22845,0.34,0.166,0.378,0.116
22846,0.116,0.468,0.198,0.218
22847,0.32,0.302,0.078,0.3
22848,0.236,0.256,0.088,0.42
22849,0.436,0.114,0.296,0.154
22850,0.266,0.152,0.388,0.194
22851,0.146,0.396,0.202,0.256
22852,0.396,0.224,0.144,0.236
22853,0.328,0.126,0.422,0.124
22854,0.17,0.282,0.116,0.432
22855,0.428,0.23,0.112,0.23
22856,0.098,0.192,0.438,0.272
22857,0.166,0.112,0.31,0.412
22858,0.172,0.202,0.428,0.198
22859,0.218,0.548,0.086,0.148
22860,0.14,0.236,0.216,0.408
22861,0.19,0.3,0.23,0.28
22862,0.142,0.248,0.134,0.476
22863,0.198,0.484,0.058,0.26
22864,0.13,0.292,0.18,0.398
22865,0.422,0.234,0.122,0.222
22866,0.16,0.092,0.396,0.352
22867,0.16,0.122,0.428,0.29
22868,0.076,0.15,0.27,0.504
22869,0.276,0.118,0.256,0.35
22870,0.358,0.176,0.216,0.25
22871,0.102,0.634,0.086,0.178
22872,0.11,0.484,0.112,0.294
22873,0.072,0.274,0.226,0.428
22874,0.138,0.388,0.08,0.394
22875,0.102,0.464,0.202,0.232
22876,0.11,0.512,0.146,0.232
22877,0.278,0.156,0.174,0.392
22878,0.152,0.12,0.472,0.256
22879,0.222,0.136,0.426,0.216
22880,0.224,0.254,0.422,0.1
22881,0.254,0.142,0.27,0.334
22882,0.15,0.514,0.08,0.256
22883,0.168,0.13,0.308,0.394
22884,0.152,0.232,0.33,0.286
22885,0.372,0.202,0.082,0.344
22886,0.246,0.104,0.106,0.544
22887,0.102,0.568,0.126,0.204
22888,0.494,0.236,0.102,0.168
22889,0.118,0.148,0.516,0.218
22890,0.254,0.498,0.104,0.144
22891,0.174,0.368,0.208,0.25
22892,0.298,0.146,0.334,0.222
22893,0.386,0.178,0.232,0.204
22894,0.148,0.158,0.204,0.49
22895,0.342,0.258,0.146,0.254
22896,0.3,0.564,0.044,0.092
22897,0.092,0.19,0.546,0.172
22898,0.08,0.164,0.484,0.272
22899,0.56,0.17,0.088,0.182
22900,0.366,0.108,0.116,0.41
22901,0.238,0.434,0.128,0.2
22902,0.11,0.516,0.146,0.228
22903,0.204,0.282,0.324,0.19
22904,0.67,0.096,0.1,0.134
22905,0.468,0.304,0.086,0.142
22906,0.57,0.25,0.06,0.12
22907,0.142,0.28,0.344,0.234
22908,0.414,0.296,0.19,0.1
22909,0.174,0.652,0.06,0.114
22910,0.43,0.212,0.104,0.254
22911,0.186,0.382,0.124,0.308
22912,0.138,0.652,0.1,0.11
22913,0.238,0.106,0.506,0.15
22914,0.154,0.26,0.372,0.214
22915,0.49,0.138,0.15,0.222
22916,0.19,0.346,0.146,0.318
22917,0.308,0.174,0.206,0.312
22918,0.434,0.182,0.1,0.284
22919,0.156,0.578,0.086,0.18
22920,0.134,0.14,0.52,0.206
22921,0.268,0.206,0.188,0.338
22922,0.144,0.39,0.094,0.372
22923,0.108,0.352,0.174,0.366
22924,0.532,0.1,0.174,0.194
22925,0.312,0.276,0.1,0.312
22926,0.296,0.1,0.33,0.274
22927,0.162,0.136,0.222,0.48
22928,0.346,0.26,0.168,0.226
22929,0.152,0.402,0.316,0.13
22930,0.106,0.31,0.342,0.242
22931,0.332,0.222,0.272,0.174
22932,0.154,0.178,0.13,0.538
22933,0.318,0.162,0.138,0.382
22934,0.206,0.11,0.272,0.412
22935,0.146,0.496,0.1,0.258
22936,0.462,0.114,0.174,0.25
22937,0.428,0.15,0.142,0.28
