"","1","2","3","4"
"1",0.253552843200702,0.16741049459804,0.45393624111685,0.125100421084408
"2",0.236862165850793,0.230562178471614,0.10047959586547,0.432096059812123
"3",0.273100081391018,0.280059296846315,0.188214361892193,0.258626259870475
"4",0.433178822927797,0.204466471484232,0.0852797586247832,0.277074946963188
"5",0.423003815046284,0.173163365118803,0.242507295015901,0.161325524819012
"6",0.645563946300415,0.0925946695779781,0.0914881145493729,0.170353269572234
"7",0.297318498014108,0.359010281268525,0.120497342076966,0.223173878640401
"8",0.433912247006125,0.13741388887187,0.105823022646909,0.322850841475096
"9",0.121027008008649,0.489456632598183,0.0894047418818107,0.300111617511358
"10",0.219794124632761,0.277835678081103,0.194617744064644,0.307752453221492
"11",0.177490516331814,0.219340461156443,0.241943979921341,0.361225042590402
"12",0.14422519726291,0.0830597480476091,0.580688493192476,0.192026561497005
"13",0.310676076107653,0.465398365602682,0.065238890865275,0.15868666742439
"14",0.542715703546609,0.200416751069987,0.0712563911775324,0.185611154205872
"15",0.0620921733474425,0.269888740679974,0.330803025436229,0.337216060536355
"16",0.148672472746414,0.439397770575614,0.270182283821396,0.141747472856576
"17",0.083905086981173,0.481272710770107,0.170990676344537,0.263831525904183
"18",0.203714657306581,0.223591576739216,0.372589774645728,0.200103991308475
"19",0.0956515184647317,0.236957702294774,0.464333714264814,0.20305706497568
"20",0.311506607828926,0.15912217388527,0.370280237038899,0.159090981246905
"21",0.146154053621907,0.127632991464018,0.401412303048744,0.324800651865331
"22",0.169499117636525,0.433909795374146,0.155484804731202,0.241106282258127
"23",0.511202997483672,0.144974876617192,0.0951601184229498,0.248662007476186
"24",0.131093547314566,0.208153310760641,0.404190774723056,0.256562367201737
"25",0.202945485486646,0.162149222673323,0.350809881073855,0.284095410766175
"26",0.331975995012804,0.103388809246959,0.104029570696677,0.46060562504356
"27",0.161912807531318,0.154682617837032,0.255482422495102,0.427922152136547
"28",0.476463550196362,0.0870907688524697,0.129561229925125,0.306884451026044
"29",0.424131285658107,0.189966036914376,0.11105514727819,0.274847530149326
"30",0.0828418569060958,0.11471140589596,0.570990413800887,0.231456323397057
"31",0.0780296111736493,0.235617298326911,0.335966365858257,0.350386724641182
"32",0.24220485523933,0.131702353139809,0.249493266401135,0.376599525219726
"33",0.270316113841195,0.492123192574339,0.105322493325557,0.132238200258909
"34",0.124852992530737,0.546417139072391,0.0719434722379286,0.256786396158944
"35",0.0836408083754596,0.358589451044325,0.401863039296645,0.155906701283571
"36",0.0972906549809139,0.569255135382087,0.0603464813936916,0.273107728243308
"37",0.156748729302856,0.0965921142515689,0.356054365879626,0.390604790565949
"38",0.420780082473656,0.297225131274131,0.056369161469686,0.225625624782527
"39",0.085770687368872,0.174029821618895,0.312177904519007,0.428021586493226
"40",0.223824918248223,0.227664469319767,0.329358697377174,0.219151915054836
"41",0.148683037904351,0.228984764208428,0.360800428297497,0.261531769589724
"42",0.205340242386143,0.183622373879617,0.146132719727045,0.464904664007195
"43",0.145997834079909,0.38652772759513,0.209531390039761,0.257943048285201
"44",0.20367688755106,0.15390044836664,0.397639665715851,0.244782998366449
"45",0.13012878931614,0.159031045549833,0.184413349898953,0.526426815235074
"46",0.459002869961067,0.0970786133722698,0.19112479751968,0.252793719146983
"47",0.38324483946624,0.306051151646824,0.142485318465839,0.168218690421097
"48",0.0503595399146594,0.503888377722834,0.230656080191213,0.215096002171293
"49",0.124800132989219,0.111715555956221,0.239754943222181,0.523729367832379
"50",0.161879682881385,0.254618325207849,0.427790067220782,0.155711924689984
"51",0.160752059466408,0.115506393912586,0.326117227284397,0.397624319336608
"52",0.411343106529969,0.110300808441194,0.155714648014356,0.322641437014481
"53",0.279592670320867,0.401885323653312,0.0553715545170517,0.26315045150877
"54",0.0455980356805061,0.414212270217232,0.311131789631622,0.22905790447064
"55",0.259986876826943,0.0512390835405903,0.519653499978596,0.169120539653871
"56",0.0642879076559115,0.537186995881014,0.195906609044408,0.202618487418666
"57",0.33117859948169,0.0965066595964631,0.328249142689292,0.244065598232555
"58",0.276339697013876,0.102195008952234,0.147066785049975,0.474398508983916
"59",0.138764118114402,0.070563725822901,0.534660412061386,0.25601174400131
"60",0.198512626402973,0.152296941442059,0.33563617294523,0.313554259209738
"61",0.227026404100485,0.252148239226983,0.122631934813284,0.398193421859248
"62",0.385032326317217,0.141017710311027,0.180046030319356,0.293903933052401
"63",0.18529636851883,0.187650712336519,0.312039056874551,0.3150138622701
"64",0.216829582326124,0.380064943764077,0.13727554765381,0.265829926255989
"65",0.106912457658447,0.232941798821901,0.446572888026897,0.213572855492755
"66",0.0823673183792409,0.44387453638844,0.108930885912068,0.36482725932025
"67",0.103366508139521,0.103563049725025,0.425513950771954,0.3675564913635
"68",0.440107018335365,0.0535100285294251,0.170496555274064,0.335886397861146
"69",0.0917061498138231,0.360020402698021,0.35730266905547,0.190970778432687
"70",0.234631427927353,0.0739268481977371,0.448955461876008,0.242486261998902
"71",0.345417042924351,0.422309915835281,0.0859968808910691,0.146276160349299
"72",0.181136659948848,0.137739882719786,0.124832647863988,0.556290809467378
"73",0.0861946650460214,0.193186933110561,0.356108450580617,0.3645099512628
"74",0.206951995575219,0.415975720020369,0.0757725877916007,0.301299696612811
"75",0.382447978181992,0.230876281330565,0.159943922074687,0.226731818412756
"76",0.0536515374885442,0.223430068298809,0.495754213969898,0.227164180242749
"77",0.484557171636206,0.176236990320435,0.105084731966158,0.234121106077201
"78",0.0749771107861008,0.338335799632159,0.3860320794654,0.20065501011634
"79",0.36866040759801,0.216176925648362,0.117013426451593,0.298149240302034
"80",0.115898346302421,0.565574943447286,0.163940774168783,0.154585936081511
"81",0.19983226326873,0.439337875485678,0.0992551901150524,0.26157467113054
"82",0.222596852267791,0.194948856671141,0.407902722693864,0.174551568367203
"83",0.179442158641535,0.321381308807397,0.122289159419425,0.376887373131643
"84",0.212552270316657,0.153341227050006,0.260448495113768,0.37365800751957
"85",0.526394115948241,0.114694890494489,0.070883761878835,0.288027231678435
"86",0.344904628906569,0.154842424228104,0.119045760022414,0.381207186842913
"87",0.480494812636206,0.073603922736359,0.244065599517495,0.20183566510994
"88",0.102240688843793,0.097059378276271,0.537379537941261,0.263320394938675
"89",0.445963530711266,0.133130634560897,0.135894378351109,0.285011456376728
"90",0.273597991680428,0.176647646103722,0.342915896548469,0.20683846566738
"91",0.0992756727072344,0.195172239076252,0.304990122043491,0.400561966173023
"92",0.0622487008508034,0.0994599799447412,0.532584127524519,0.305707191679936
"93",0.0694979800538827,0.170350810378335,0.48596801588614,0.274183193681643
"94",0.304890427811281,0.146783870730394,0.318095133227479,0.230230568230847
"95",0.203544381500159,0.300728168695311,0.154477396754271,0.341250053050259
"96",0.326428455366361,0.22832548058717,0.125008297396306,0.320237766650163
"97",0.173272627346776,0.305976675940715,0.131682453173816,0.389068243538693
"98",0.127867115899994,0.163143834564656,0.39879285786371,0.31019619167164
"99",0.120626670979657,0.379604660301412,0.356589863952964,0.143178804765968
"100",0.0617518333120165,0.390276659540082,0.318765282748063,0.229206224399839
"101",0.407901524344196,0.177958935973742,0.133050748633724,0.281088791048338
"102",0.183006537563401,0.188669293814103,0.422966343096506,0.20535782552599
"103",0.223103791690778,0.189273765622264,0.393575877138925,0.194046565548034
"104",0.388148618249868,0.341375238395548,0.0695908088195153,0.200885334535068
"105",0.30085856373449,0.444641884571563,0.0461983065119592,0.208301245181987
"106",0.0640641502758922,0.421150027189698,0.166204107321567,0.348581715212843
"107",0.276211474563405,0.164960817155553,0.243194873588243,0.315632834692799
"108",0.384788772805965,0.135335556860064,0.224376253827075,0.255499416506895
"109",0.194986309365885,0.317325974683978,0.297996204768005,0.189691511182132
"110",0.0524793741493026,0.55787900033781,0.133972514705173,0.255669110807715
"111",0.0601694393937369,0.382715931976292,0.304691801626469,0.252422827003501
"112",0.487896841689501,0.133299939429213,0.173523275142,0.205279943739286
"113",0.165742735608813,0.310137238362209,0.204726485466669,0.319393540562309
"114",0.389505764836843,0.090717148164658,0.148797599740865,0.370979487257634
"115",0.30035579096263,0.296429614957975,0.157218328337848,0.245996265741548
"116",0.0979338583354944,0.131003916093327,0.186016922756541,0.585045302814638
"117",0.288785003448563,0.116575707833172,0.209581401530001,0.385057887188264
"118",0.187401726044709,0.0822605131595929,0.453597582902565,0.276740177893133
"119",0.0618180244980345,0.298360453412761,0.453484793704119,0.186336728385085
"120",0.281289372076334,0.495366270000913,0.0357926986604108,0.187551659262342
"121",0.527666109352441,0.135633261665331,0.170311323852667,0.166389305129561
"122",0.0934397653000939,0.413154262555019,0.2733669104022,0.220039061742687
"123",0.24025185644009,0.377123514945981,0.17218513889681,0.210439489717119
"124",0.15567891034074,0.37063353581146,0.317017133612337,0.156670420235463
"125",0.394650372672534,0.261987044544501,0.144994553964223,0.198368028818741
"126",0.102467935553546,0.554794400953998,0.0551423469641223,0.287595316528334
"127",0.305420380514404,0.469089914863597,0.0617893539220641,0.163700350699935
"128",0.154534543578519,0.464406968269893,0.212044566883387,0.169013921268202
"129",0.525628004163089,0.0737565276710876,0.210691108356905,0.189924359808919
"130",0.108313687802615,0.178646546499912,0.246610871308664,0.46642889438881
"131",0.148859198663258,0.17473633735167,0.441697031741906,0.234707432243166
"132",0.415506202265161,0.043337310946452,0.375445168048624,0.165711318739763
"133",0.202138333269166,0.217763744500379,0.28801157823331,0.292086343997145
"134",0.210494445327294,0.29115082710847,0.375367742679354,0.122986984884883
"135",0.0997804477566918,0.234292185149509,0.48294501719984,0.182982349893959
"136",0.0663720051726501,0.397244239104812,0.358899783509955,0.177483972212582
"137",0.220583884090576,0.360650311299966,0.188764913597059,0.230000891012399
"138",0.37200121510979,0.0911307953335109,0.19667794323047,0.340190046326229
"139",0.138075031377695,0.153070143239854,0.36571308623339,0.343141739149061
"140",0.0900079473317559,0.276496494535887,0.381289051421035,0.252206506711322
"141",0.316396283823607,0.133924648811269,0.126751429602562,0.422927637762561
"142",0.141704752372972,0.397376368285592,0.15046816083159,0.310450718509847
"143",0.40084283597942,0.0779281638250799,0.223257640386246,0.297971359809254
"144",0.427913487647855,0.0707505453475759,0.333411077128704,0.167924889875866
"145",0.03775990807779,0.439333906976819,0.340217776331821,0.18268840861357
"146",0.366101234039031,0.246789606290475,0.101968593186394,0.2851405664841
"147",0.48502758675986,0.188817510522164,0.105395463359219,0.220759439358758
"148",0.491429453054486,0.256230242490192,0.0610384431718634,0.191301861283459
"149",0.365511710329281,0.150137242749874,0.267902780246889,0.216448266673957
"150",0.425464632262964,0.0734316784346223,0.200541453662644,0.30056223563977
"151",0.333935093302281,0.108788514008117,0.204697694180568,0.352578698509035
"152",0.237913326055666,0.213782029988375,0.180611716238449,0.367692927717511
"153",0.177126825463783,0.268657203149973,0.0866299434336898,0.467586027952554
"154",0.118365817212608,0.11298478605767,0.553839630420534,0.214809766309188
"155",0.364987104471968,0.0815435883959,0.40331634613464,0.150152960997492
"156",0.237493260139037,0.340749626264096,0.107167233313838,0.314589880283028
"157",0.527268850009237,0.0326278561082817,0.277189444847366,0.162913849035115
"158",0.113502024710487,0.206182747154101,0.177310100017034,0.503005128118378
"159",0.142473909997316,0.171540939734013,0.46731299141383,0.218672158854842
"160",0.333277606529877,0.287359429365207,0.120342502894484,0.259020461210432
"161",0.0899048946698925,0.341579143670909,0.21197128118053,0.356544680478669
"162",0.33531487098294,0.202028761410869,0.26768062314871,0.194975744457481
"163",0.431058856294623,0.314075801617155,0.0994993901598035,0.155365951928418
"164",0.0895418926517239,0.270796623361538,0.187663205743699,0.451998278243039
"165",0.536627166198856,0.180686783225818,0.0530376679937859,0.22964838258154
"166",0.132788620637497,0.128018275392191,0.468501368178265,0.270691735792047
"167",0.298267344425299,0.16913320112817,0.267871169814941,0.26472828463159
"168",0.374081303710458,0.328718295603535,0.123773785934022,0.173426614751985
"169",0.0558711599539874,0.171676861507106,0.540064850987844,0.232387127551062
"170",0.126915019873538,0.597403882312042,0.0990353428004294,0.176645755013991
"171",0.265871620172652,0.220033940990605,0.37666328365158,0.137431155185162
"172",0.157814277563755,0.295803458346329,0.136654621288666,0.40972764280125
"173",0.212838252800105,0.445133375063407,0.159745797514887,0.182282574621601
"174",0.470842519027775,0.125405772669947,0.14295512323491,0.260796585067369
"175",0.264685002437895,0.201246255986287,0.330159133078804,0.203909608497014
"176",0.0956399060385241,0.357097532056214,0.118092324248039,0.429170237657223
"177",0.157100590966252,0.392743719073246,0.135820824592181,0.314334865368321
"178",0.0656366194407154,0.587417389000511,0.0831625816713275,0.263783409887446
"179",0.119357036992872,0.382042120400843,0.332094205798573,0.166506636807712
"180",0.203375219440827,0.454805362914078,0.107583940753399,0.234235476891695
"181",0.0942723498260341,0.547607989051456,0.0748958084388912,0.283223852683619
"182",0.189202917537584,0.202253764905055,0.341195416978714,0.267347900578647
"183",0.419564302385629,0.0706881977031631,0.300314763485818,0.20943273642539
"184",0.521855976651709,0.119103007917891,0.0614082087931945,0.297632806637205
"185",0.145378939500528,0.418661184991104,0.231234260607764,0.204725614900604
"186",0.183102738189623,0.0822886898135703,0.393783749692117,0.34082482230469
"187",0.218681637197784,0.256086173625441,0.177098152565427,0.348134036611348
"188",0.20996539380789,0.242355206202499,0.329442572320135,0.218236827669476
"189",0.397898941373208,0.208794409301001,0.135430132284775,0.257876517041017
"190",0.438085099795049,0.130572959332923,0.103889135985694,0.327452804886333
"191",0.304744317442774,0.302312401192929,0.130160392743723,0.262782888620575
"192",0.468643509595452,0.0702373698337469,0.230438411605165,0.230680708965636
"193",0.130826716140318,0.438935043995846,0.190677246249072,0.239560993614763
"194",0.0738737591599888,0.204143236312589,0.617069049166103,0.104913955361319
"195",0.367502423359979,0.201619855057424,0.306995550742386,0.123882170840211
"196",0.259850255226258,0.321828663126899,0.080595997229814,0.337725084417029
"197",0.0964801626767122,0.171280239206242,0.540419335929231,0.191820262187814
"198",0.249831746977623,0.104227249907489,0.474733072644367,0.171207930470521
"199",0.602357725670007,0.0628134112909756,0.0731582610500105,0.261670601989007
"200",0.170880141893297,0.173958748953127,0.436560272677809,0.218600836475767
"201",0.345305295876953,0.263681547911153,0.138198849579568,0.252814306632327
"202",0.440883615374052,0.100346336539357,0.267366096365933,0.191403951720658
"203",0.195322843257348,0.330510049848535,0.132666106758057,0.34150100013606
"204",0.22242088758092,0.280891456192688,0.210153984530633,0.28653367169576
"205",0.0774217616632609,0.360951912522608,0.31264273032235,0.248983595491781
"206",0.192337122986562,0.31293846386841,0.335588878031137,0.159135535113891
"207",0.201096681035453,0.236041493411272,0.358375281288183,0.204486544265092
"208",0.489824826012329,0.0602769218116652,0.257225957115228,0.192672295060777
"209",0.405718289463659,0.139420065727824,0.251793180511558,0.203068464296959
"210",0.234681088876757,0.084255786778298,0.39121511250704,0.289848011837905
"211",0.0867782221326924,0.359822478159378,0.331525247384681,0.221874052323248
"212",0.189191459141921,0.249115354956028,0.140824770245813,0.420868415656238
"213",0.281695794509052,0.1127501149516,0.221065760947846,0.384488329591502
"214",0.265923318484229,0.399569422672711,0.11656483747106,0.217942421372
"215",0.222426445995881,0.201832606770312,0.10846522613969,0.467275721094116
"216",0.0847874406108701,0.136456002169043,0.55850420649368,0.220252350726408
"217",0.236275918035823,0.293953471909762,0.267616449060549,0.202154160993866
"218",0.205422295840613,0.0773960837267288,0.419034843473578,0.29814677695908
"219",0.153679635251233,0.160862449393377,0.372435621160374,0.313022294195016
"220",0.485645163917862,0.0808748232048465,0.175478589987459,0.258001422889832
"221",0.105184234745096,0.366140802134587,0.144332956782238,0.384342006338078
"222",0.233670583661745,0.243266548251359,0.320136017530582,0.202926850556314
"223",0.107297530745765,0.30423143729979,0.223219774967103,0.365251256987342
"224",0.109204194655569,0.0644617003367607,0.397970342784016,0.428363762223654
"225",0.181752946603695,0.324005502132293,0.118225315373805,0.376016235890206
"226",0.357415058553672,0.387945782841283,0.105845975516842,0.148793183088203
"227",0.276202751258389,0.238390724041126,0.254161671978534,0.231244852721951
"228",0.138475340239851,0.538809003496431,0.0754363724695641,0.247279283794154
"229",0.179550108662926,0.409969662583804,0.107316110148321,0.30316411860495
"230",0.123422037753046,0.293424738792675,0.156808224986534,0.426344998467744
"231",0.348115938930081,0.0983064330947267,0.398798317405413,0.154779310569779
"232",0.107721104539849,0.28952846649764,0.29974800950035,0.303002419462161
"233",0.316426077675706,0.288774731560704,0.257929879956083,0.136869310807508
"234",0.266026327860991,0.20913642738612,0.093256679508728,0.43158056524416
"235",0.201617600754395,0.510457864629175,0.0765625363066528,0.211361998309778
"236",0.153553337402893,0.186648779135787,0.454838290068606,0.204959593392714
"237",0.247328609625383,0.21794385803107,0.165644268317583,0.369083264025964
"238",0.117530956395527,0.420915234882099,0.168711088187156,0.292842720535218
"239",0.47713971878228,0.173354253044743,0.14637206245145,0.203133965721527
"240",0.100509271875495,0.236218755347707,0.22302705240237,0.440244920374429
"241",0.214340585207358,0.34242951375456,0.235823586863869,0.207406314174213
"242",0.194148663466054,0.229857952254811,0.163427356762488,0.412566027516647
"243",0.340961232861302,0.0960985656632312,0.236307245631783,0.326632955843684
"244",0.246520800251216,0.0713955867368069,0.467441734326079,0.214641878685898
"245",0.411324940058214,0.187869864887784,0.198052447777974,0.202752747276027
"246",0.192646362864339,0.407298728691213,0.169538007009831,0.230516901434618
"247",0.703676741920155,0.0585222528263373,0.0673703659800317,0.170430639273476
"248",0.257912100248357,0.299845250799586,0.143014169129161,0.299228479822896
"249",0.360900070730672,0.15169777726373,0.1635632353085,0.323838916697098
"250",0.198409396021195,0.403936030426671,0.179320069929059,0.218334503623074
"251",0.180322517734713,0.138401747361311,0.177218478274048,0.504057256629927
"252",0.234530957263462,0.117861878017109,0.352875496759749,0.29473166795968
"253",0.233406648560543,0.230915939121223,0.201244864392987,0.334432547925247
"254",0.367729122087692,0.0446631347499121,0.389901182290091,0.197706560872305
"255",0.175251948409315,0.109264810235809,0.47116415531227,0.244319086042606
"256",0.0776600319077715,0.518640566904251,0.0715268246810373,0.33217257650694
"257",0.134218693821309,0.0605164354209374,0.635629570956283,0.16963529980147
"258",0.0789507738439736,0.355126670274241,0.250724646567292,0.315197909314494
"259",0.105938841739169,0.294026188192744,0.410686449585408,0.189348520482679
"260",0.524477512998429,0.241008458290203,0.0395578608606795,0.194956167850689
"261",0.0510026028593606,0.140485748162172,0.615131926818855,0.193379722159612
"262",0.126697660824247,0.469100842819954,0.157919052055779,0.246282444300019
"263",0.245929248449556,0.152534790076609,0.139034540339676,0.462501421134159
"264",0.0646219281569262,0.302322335281475,0.372050290161596,0.261005446400003
"265",0.476504739969749,0.195708018467222,0.0504103505030465,0.277376891059982
"266",0.388576574084619,0.105121101105089,0.360376164366742,0.14592616044355
"267",0.253389276618765,0.127579549351535,0.330696308484978,0.288334865544722
"268",0.112922931491234,0.462342877477095,0.157376511249871,0.2673576797818
"269",0.468923202886376,0.072041587627223,0.285152034632704,0.173883174853697
"270",0.614713415733626,0.104363412142677,0.0554711389687998,0.225452033154897
"271",0.0664642118947818,0.270986174534416,0.305769081948033,0.35678053162277
"272",0.365571188502937,0.335568070728944,0.0827968889333382,0.216063851834781
"273",0.335887643597059,0.330403408516439,0.199325330094509,0.134383617791993
"274",0.172613454065919,0.228096434724568,0.366617734920304,0.232672376289209
"275",0.3999687056961,0.109413055647357,0.234377303058346,0.256240935598197
"276",0.0899493360473735,0.199465202366753,0.285550735862976,0.425034725722898
"277",0.328600052209274,0.106849935551313,0.280583928465888,0.283966083773526
"278",0.407395039249897,0.0555746636487252,0.31372473039309,0.223305566708288
"279",0.300071531080798,0.365136043813945,0.0969648875565708,0.237827537548686
"280",0.248961255557405,0.446940576108665,0.123737403625213,0.180360764708718
"281",0.404008519187008,0.323783569117721,0.0535480980831547,0.218659813612117
"282",0.222931384251215,0.520081216154714,0.0642218759095824,0.192765523684489
"283",0.12966176558354,0.177682706833444,0.185286986390431,0.507368541192585
"284",0.212776363910069,0.0652678982291228,0.50513594442335,0.216819793437458
"285",0.198117723944742,0.131816372877216,0.206663354182575,0.463402548995467
"286",0.217889902902285,0.149094265476835,0.246955237140707,0.386060594480173
"287",0.155795085103582,0.155971603586014,0.497954228710626,0.190279082599778
"288",0.41952151299285,0.0677756036348423,0.368730046311765,0.143972837060544
"289",0.495308498072887,0.0742426409335368,0.111499459587621,0.318949401405955
"290",0.122833909021816,0.548767276891681,0.0681619008232884,0.260236913263214
"291",0.303542203962734,0.135879471073641,0.185313287823706,0.375265037139919
"292",0.123095334208747,0.0530738183054732,0.580597539924541,0.243233307561239
"293",0.354064872982236,0.321637129051563,0.186175560359984,0.138122437606217
"294",0.107206539069352,0.300911827658882,0.408526885751954,0.183354747519811
"295",0.284463024807912,0.233562504694939,0.319504781520595,0.162469688976554
"296",0.118916948876418,0.347488776582381,0.262630472810677,0.270963801730524
"297",0.372101092399645,0.0474965794171517,0.30665129302532,0.273751035157883
"298",0.177656305619642,0.414105656378537,0.126982915009157,0.281255122992665
"299",0.126362017750861,0.543202902073912,0.130601279265251,0.199833800909976
"300",0.319280801135069,0.0792118987946862,0.283954687000307,0.317552613069937
"301",0.431751893587815,0.318510150936127,0.0403309170086011,0.209407038467457
"302",0.0717207956951449,0.422621559812273,0.148388737667908,0.357268906824674
"303",0.206328401616752,0.462180070972562,0.0796139821726094,0.251877545238077
"304",0.294458362905914,0.353690879566606,0.100318865598514,0.251531891928965
"305",0.152668230008619,0.106988955311119,0.430093579797833,0.310249234882429
"306",0.1001989014711,0.11883923444473,0.452742636067119,0.328219228017051
"307",0.185886696866809,0.218506527572742,0.279480594686944,0.316126180873505
"308",0.0546394131227885,0.435898250734957,0.278352735457799,0.231109600684455
"309",0.168360287309752,0.208641727802345,0.224821817962722,0.398176166925181
"310",0.36879786757875,0.312576567441815,0.0764790983718786,0.242146466607556
"311",0.197646362921585,0.400696348016757,0.210778960214861,0.190878328846796
"312",0.28624242630968,0.339381728426666,0.0885755005976978,0.285800344665956
"313",0.29971193395383,0.227709240968511,0.280211244844182,0.192367580233476
"314",0.0500234573386198,0.363657173454464,0.432689854193931,0.153629515012986
"315",0.374059917419481,0.0637710055379195,0.388034373987059,0.17413470305554
"316",0.43159457859296,0.137941823447618,0.211823915542664,0.218639682416759
"317",0.248513822870805,0.175769874573105,0.174370503229484,0.401345799326606
"318",0.278014456115883,0.345920898465413,0.0975628155744017,0.278501829844302
"319",0.368321598686943,0.110035405735223,0.195949011422242,0.325693984155592
"320",0.227327572851018,0.174537509086741,0.112497393980919,0.485637524081322
"321",0.365261009489586,0.367835959182993,0.103677242559743,0.163225788767678
"322",0.128767112895422,0.368719907827244,0.0933668319352926,0.409146147342041
"323",0.261137797878047,0.122443722168244,0.365829222372829,0.25058925758088
"324",0.384028478372323,0.109995727937403,0.297431643315446,0.208544150374828
"325",0.0731028403221429,0.530412232069102,0.139332004158051,0.257152923450703
"326",0.371948590787576,0.0855928283317992,0.277110970088371,0.265347610792254
"327",0.152342901645696,0.279071861076114,0.215808151081232,0.352777086196958
"328",0.197537252954909,0.353053878769313,0.164499093881638,0.284909774394141
"329",0.333008780587897,0.275127219898017,0.180686057513952,0.211177942000134
"330",0.0541912035440662,0.409596890070727,0.323296995933089,0.212914910452118
"331",0.0946822611908843,0.0663716526984083,0.627052002446429,0.211894083664278
"332",0.0391792297483522,0.531465435928366,0.250857725371658,0.178497608951623
"333",0.0723655727555009,0.131042383868918,0.419946694878117,0.376645348497464
"334",0.317208410962301,0.184740643457388,0.376778761751222,0.121272183829089
"335",0.406023047201328,0.383618103201341,0.0493351719576755,0.161023677639655
"336",0.10480516286543,0.449005096033081,0.22791445189338,0.218275289208109
"337",0.127770746984198,0.21562544266349,0.391575192200589,0.265028618151723
"338",0.0886727656111566,0.579575421420282,0.0683187622988722,0.263433050669689
"339",0.170511709569688,0.319623300230932,0.305172405808748,0.204692584390632
"340",0.266031072976172,0.224495143030475,0.203084419089536,0.306389364903817
"341",0.145654642051208,0.234024048708478,0.434037780100875,0.186283529139439
"342",0.204959340281611,0.400098567353557,0.0869360764580534,0.308006015906778
"343",0.0747001144058543,0.413435446844476,0.137162750746929,0.374701688002741
"344",0.137541810634089,0.291105264238411,0.356565611116793,0.214787314010707
"345",0.440579328619775,0.110317994994894,0.115578573121722,0.33352410326361
"346",0.096679584285762,0.2446063881604,0.41066115821365,0.248052869340188
"347",0.0930810815384649,0.366125379361965,0.286308443438907,0.254485095660662
"348",0.387661982083702,0.359944544556786,0.0718078082391866,0.180585665120325
"349",0.388510430137319,0.255195477356828,0.182417184232218,0.173876908273635
"350",0.445726865549897,0.195892501865945,0.116025050943321,0.242355581640837
"351",0.140330532184806,0.434598687958241,0.193092344550056,0.231978435306897
"352",0.365917277973921,0.173836029634043,0.207614394262805,0.252632298129231
"353",0.155925969210242,0.415703510619277,0.209307146250185,0.219063373920296
"354",0.0788467904326327,0.0883479000906835,0.566826206901173,0.265979102575511
"355",0.373405331320253,0.115350938643044,0.338362461548016,0.172881268488687
"356",0.23911507239055,0.088527098931967,0.370883013500563,0.30147481517692
"357",0.0393325710776939,0.380896975245206,0.366137227993205,0.213633225683895
"358",0.180340220743253,0.405916231299432,0.103990875462707,0.309752672494609
"359",0.395308216942487,0.0960542311603487,0.23978560883161,0.268851943065554
"360",0.138113360948104,0.399793417603844,0.229262544952416,0.232830676495637
"361",0.577525304361199,0.0868687146646182,0.0832907979949783,0.252315182979205
"362",0.139588226532943,0.166926020196068,0.362132522765792,0.331353230505197
"363",0.0738079432415388,0.430024331152854,0.307570998350982,0.188596727254625
"364",0.289876810832427,0.375674265433801,0.141287921266488,0.193161002467285
"365",0.264438722386374,0.229200196271343,0.26480492518025,0.241556156162033
"366",0.408496361358016,0.178491992843555,0.225065868011328,0.187945777787102
"367",0.458800748670716,0.0882986502437935,0.252733956646368,0.200166644439123
"368",0.352574826929754,0.412173606321644,0.0495710339257509,0.185680532822851
"369",0.185726387258098,0.38676149737234,0.0830008563890348,0.344511258980527
"370",0.213826858828822,0.314743305144437,0.299045370621408,0.172384465405333
"371",0.159405657847963,0.459084610864411,0.0822157782960851,0.299293952991541
"372",0.30301546311323,0.339972121079076,0.0525378107952273,0.304474605012466
"373",0.192858358627545,0.315340856422363,0.143341183028556,0.348459601921536
"374",0.662019442873062,0.124028570912499,0.0470422618032437,0.166909724411195
"375",0.285482080272449,0.38931218870571,0.109723187250721,0.21548254377112
"376",0.44339603084496,0.381139736620491,0.0278789574221316,0.147585275112417
"377",0.303211715792211,0.313073775822716,0.097399375010828,0.286315133374244
"378",0.21936518541243,0.37359582575735,0.113985615215281,0.293053373614939
"379",0.0819344674558639,0.100348374019105,0.52039269043087,0.29732446809416
"380",0.337871746592483,0.337484269970786,0.101626569106881,0.22301741432985
"381",0.239625363390504,0.172292784290434,0.451773776942173,0.136308075376889
"382",0.174739496415382,0.317838841415792,0.120038646539566,0.38738301562926
"383",0.119573499041319,0.478820180919041,0.189797691449491,0.21180862859015
"384",0.575409070183441,0.0811596259628175,0.109416267163308,0.234015036690434
"385",0.328184436462993,0.278470179436235,0.128146338865785,0.265199045234986
"386",0.278950658407592,0.133861657230637,0.20909731009184,0.378090374269931
"387",0.0567043217999479,0.233555723658203,0.383466018544267,0.326273935997582
"388",0.169876170546251,0.429373753327164,0.118713725598099,0.282036350528486
"389",0.417840518759878,0.237410070846658,0.190320264098163,0.154429146295301
"390",0.0569480279946627,0.151089205710119,0.595604510257247,0.196358256037971
"391",0.204568037954887,0.264535056335424,0.132462488470798,0.39843441723889
"392",0.526300379345922,0.0680475977719821,0.222044473447649,0.183607549434447
"393",0.119743773351244,0.202081044116562,0.326571722163583,0.351603460368611
"394",0.387094266053175,0.211217907736648,0.197189209041174,0.204498617169003
"395",0.100655118107925,0.13694329478388,0.500429682708969,0.261971904399225
"396",0.0951408078023911,0.278952670391794,0.35886361115143,0.267042910654385
"397",0.472031927408703,0.269715677316325,0.0616806960465726,0.196571699228399
"398",0.33595686762498,0.412266979340935,0.0930015219701369,0.158774631063948
"399",0.386573145086739,0.135606651361992,0.267978499503766,0.209841704047503
"400",0.325519800726171,0.384197682365407,0.13297210074994,0.157310416158481
"401",0.0712939264097667,0.105478238577228,0.494918844877244,0.328308990135761
"402",0.177247428896392,0.29092111012391,0.306131077081306,0.225700383898391
"403",0.262687363037097,0.419334948554261,0.178251414510067,0.139726273898575
"404",0.194620727907648,0.386813622709634,0.242700914291725,0.175864735090993
"405",0.482470462035188,0.15873934330517,0.100645752878988,0.258144441780654
"406",0.130739799194423,0.128790570637142,0.176388824939069,0.564080805229366
"407",0.0920680494408184,0.530122253864412,0.0964980288572182,0.281311667837551
"408",0.384120083629751,0.340466673243691,0.153490703502613,0.121922539623945
"409",0.334793486965315,0.0546718243441466,0.47554624971539,0.134988438975148
"410",0.272872908918343,0.382192769990221,0.103821779013699,0.241112542077738
"411",0.109975733953852,0.0994411439035687,0.432956815788955,0.357626306353624
"412",0.313161160499378,0.284939864927204,0.0847192204640754,0.317179754109343
"413",0.0386291365495966,0.177955643285914,0.578461609536611,0.204953610627879
"414",0.249309485163194,0.260576846206405,0.221408001749487,0.268705666880914
"415",0.194393209774178,0.186926549604351,0.38128608174642,0.23739415887505
"416",0.231710657145527,0.444334250464656,0.096943339793389,0.227011752596428
"417",0.318486865937854,0.303975636211106,0.187528150501555,0.190009347349485
"418",0.556899749818679,0.0959605040526927,0.123874686946533,0.223265059182095
"419",0.294790701925046,0.328624418352327,0.275752101065672,0.100832778656955
"420",0.29595114760553,0.0677424311970318,0.432083310019168,0.20422311117827
"421",0.532854272499833,0.121365216636369,0.115578584150404,0.230201926713394
"422",0.213251527228893,0.106041011508022,0.265233405604847,0.415474055658238
"423",0.306328232430491,0.297909354017111,0.24180296151949,0.153959452032907
"424",0.174334953383155,0.312389591823858,0.319958935012484,0.193316519780502
"425",0.0482241875807445,0.085216282664576,0.611778398408411,0.254781131346269
"426",0.548953741870769,0.0932877872090535,0.0885840224795937,0.269174448440584
"427",0.0716732670320279,0.0700063208099284,0.564652742338205,0.293667669819838
"428",0.430180165355612,0.0699218313859261,0.151685028311279,0.348212974947184
"429",0.15554646903936,0.222066204053237,0.383471285538333,0.23891604136907
"430",0.147868398163456,0.492133351168172,0.085484069545054,0.274514181123318
"431",0.488438177636152,0.148563613555137,0.124631431765995,0.238366777042716
"432",0.217840807516522,0.219113398085332,0.413749848785571,0.149295945612574
"433",0.453482796939072,0.263940315624484,0.071556746468546,0.211020140967898
"434",0.110923757982023,0.380201617627688,0.228467705909697,0.280406918480592
"435",0.333087092404859,0.151865073061452,0.248141631810973,0.266906202722716
"436",0.270662579651077,0.106253718684697,0.132417305205375,0.490666396458851
"437",0.368578093034798,0.281123115587765,0.175522241916455,0.174776549460982
"438",0.213492350882226,0.342653037335653,0.0927725121693709,0.35108209961275
"439",0.299963082471382,0.180281928663341,0.423648542628858,0.0961064462364187
"440",0.0831713915870568,0.580617282946707,0.0986508879542674,0.237560437511969
"441",0.445510241519188,0.0662563545367504,0.272729488984579,0.215503914959482
"442",0.146236067598057,0.629487506082307,0.061358102876841,0.162918323442795
"443",0.201751270442122,0.134288607145099,0.316130366724358,0.347829755688421
"444",0.310886720868871,0.311503692099462,0.0679252143589013,0.309684372672766
"445",0.206701296057592,0.416473539037746,0.218044089861076,0.158781075043586
"446",0.248696649592092,0.18419060276279,0.159820459718207,0.407292287926911
"447",0.207660565682115,0.445437924195245,0.0635482253417875,0.283353284780853
"448",0.277377263470616,0.13593496014347,0.194824873096231,0.391862903289683
"449",0.0639227997142495,0.36502181708803,0.4168898672838,0.154165515913921
"450",0.203583084853492,0.226439306866023,0.2367464427685,0.333231165511985
"451",0.144567309769328,0.428163232690396,0.228497960132909,0.198771497407367
"452",0.479131708116968,0.259501452670819,0.0660438695073894,0.195322969704824
"453",0.368695180275218,0.350771924878568,0.105551053115778,0.174981841730436
"454",0.249885893205,0.256042299425349,0.0960675924837921,0.398004214885859
"455",0.156733092610833,0.234405877205782,0.224978743117441,0.383882287065944
"456",0.189667560067352,0.132780789896083,0.402168925509882,0.275382724526682
"457",0.160604902507903,0.543429833759436,0.0741388083465536,0.221826455386107
"458",0.227722443479206,0.473427532526528,0.0430295058039692,0.255820518190297
"459",0.266264842898347,0.227359626704034,0.309938313691324,0.196437216706295
"460",0.499330130915079,0.0566333121955092,0.314206470001512,0.1298300868879
"461",0.560023914447523,0.0924430873304945,0.103642220257548,0.243890777964435
"462",0.235769600560278,0.237487146522086,0.358112302815144,0.168630950102492
"463",0.232152238284044,0.519201212730853,0.0617034794984777,0.186943069486625
"464",0.236037157648884,0.164840638811691,0.328679397160413,0.270442806379012
"465",0.4068456917205,0.134530247597493,0.241631236915973,0.216992823766034
"466",0.24155417583639,0.21827527516263,0.350161219402056,0.190009329598924
"467",0.137085930303894,0.237576283437412,0.284950527284843,0.340387258973851
"468",0.481180873458739,0.184155144721586,0.204962795383688,0.129701186435987
"469",0.11914191136574,0.127493484620108,0.365748899456528,0.387615704557624
"470",0.244129228995501,0.174327054591064,0.357145207940599,0.224398508472836
"471",0.0921424805303269,0.507567514168194,0.162972668348213,0.237317336953266
"472",0.0548368751305715,0.0940097607629985,0.550484694620966,0.300668669485464
"473",0.276911823535373,0.175716789474975,0.0934074736041678,0.453963913385484
"474",0.101891646287713,0.330006173320579,0.191271866447059,0.376830313944649
"475",0.614653752699311,0.0880376668469704,0.0544306023416209,0.242877978112098
"476",0.540875084633238,0.149159640563571,0.139616800237656,0.170348474565534
"477",0.233549159044659,0.152347708361552,0.447595262765579,0.166507869828209
"478",0.234594271348531,0.245934137883556,0.283579173499082,0.235892417268831
"479",0.127805105885584,0.367635423029521,0.250169688911834,0.254389782173061
"480",0.19071794162197,0.212743802206137,0.0918891640678492,0.504649092104044
"481",0.194314375073106,0.376522933431327,0.224159566657249,0.205003124838317
"482",0.157553835070377,0.518617879269221,0.0492899016625381,0.274538383997865
"483",0.508397198412328,0.123198079975049,0.0520543470385283,0.316350374574094
"484",0.181794715876444,0.389086102229285,0.226229735495601,0.20288944639867
"485",0.267670085383705,0.43286708238674,0.129001117880715,0.170461714348839
"486",0.623786815708811,0.073421296734161,0.0958674003359992,0.206924487221029
"487",0.0817578560854653,0.517348616369725,0.239394162287674,0.161499365257136
"488",0.0777421570562725,0.529734699632209,0.0859842628968268,0.306538880414692
"489",0.324553849020185,0.0543994200810215,0.350951822390653,0.270094908508141
"490",0.303800829086896,0.199140468232778,0.231950442276307,0.265108260404019
"491",0.187366430241408,0.140056219646804,0.333386177578791,0.339191172532996
"492",0.472939673553799,0.0643290525724453,0.155304885432258,0.307426388441498
"493",0.567350057598418,0.150001182781323,0.0623046492581231,0.220344110362136
"494",0.0387587841948152,0.324389152186741,0.497447908857891,0.139404154760553
"495",0.110577929392968,0.120420400836909,0.520326383309144,0.248675286460979
"496",0.0765286751557327,0.147252404195194,0.283791377681553,0.492427542967521
"497",0.374758151043758,0.239269281266752,0.231102202279429,0.15487036541006
"498",0.108724757532569,0.0750156721920869,0.492471111594806,0.323788458680537
"499",0.0769194477562445,0.542723765562472,0.120609731470274,0.259747055211009
"500",0.353103416760545,0.0632456493184682,0.336990682842376,0.246660251078611
"501",0.258125727682272,0.372033122564623,0.110327803047674,0.259513346705431
"502",0.338087436186133,0.28108460367322,0.273012563260596,0.107815396880051
"503",0.473617115702262,0.0721970100086091,0.206391319624763,0.247794554664366
"504",0.326829402057691,0.471164363934977,0.051298463853451,0.15070777015388
"505",0.0730834549701093,0.0510509143309725,0.638741892245377,0.237123738453541
"506",0.449669428433099,0.127790809602782,0.236875673539155,0.185664088424965
"507",0.0484555116336451,0.0758575256687749,0.514899065671523,0.360787897026057
"508",0.171896788448963,0.289121545062115,0.123930564300453,0.415051102188469
"509",0.0792418295147263,0.121497824179298,0.493386557482863,0.305873788823113
"510",0.343863408759551,0.114121533094767,0.186912265870415,0.355102792275267
"511",0.532745861814616,0.055892807846274,0.132423298468151,0.27893803187096
"512",0.119732292078988,0.435891866721157,0.212922486729718,0.231453354470137
"513",0.0492950905687935,0.523288698702942,0.123091637472412,0.304324573255852
