"No","Ch1","Ch2","Ch3","Ch4"
21566,0.200063227294817,0.131548877688211,0.364296635856815,0.304091259160157
21567,0.0695090680971416,0.370602518206943,0.353385656191438,0.206502757504477
21568,0.283121507516854,0.424281724887525,0.0998950448062419,0.192701722789379
21569,0.486102205859123,0.111804302746891,0.216527015591198,0.185566475802787
21570,0.155869825139884,0.231857742013513,0.519547379205067,0.0927250536415365
21571,0.0758742043876092,0.676917697180472,0.118384882121107,0.128823216310811
21572,0.175533967623147,0.0877912710284278,0.518484231899358,0.218190529449067
21573,0.132989982878764,0.160656576030516,0.220988201322753,0.485365239767967
21574,0.184616176047165,0.309226207995111,0.341099454096433,0.165058161861291
21575,0.0664050546334447,0.107909633779525,0.64220711501613,0.1834781965709
21576,0.212223983978806,0.162941382660524,0.317358463376671,0.307476169983999
21577,0.248499023658684,0.117176025322419,0.545693246105115,0.0886317049137821
21578,0.389951218067712,0.21059212387424,0.186065708407367,0.21339094965068
21579,0.0942949161414252,0.193389195086913,0.206758451020474,0.505557437751188
21580,0.0692757183197498,0.493369330184918,0.215401267982779,0.221953683512554
21581,0.375263680629522,0.11437795765249,0.211526441979352,0.298831919738635
21582,0.10235119384128,0.15287045550251,0.438751736822231,0.306026613833979
21583,0.132478310296996,0.175147444524897,0.293841062606031,0.398533182572076
21584,0.198048154772847,0.289624822214144,0.126472244780272,0.385854778232736
21585,0.310753925020058,0.189729499517662,0.142052772118783,0.357463803343497
21586,0.170979306377106,0.412149093787817,0.22393587013147,0.192935729703607
21587,0.0517363496171583,0.513476613703972,0.20733759443176,0.22744944224711
21588,0.0760388939053111,0.0988306533585519,0.530546942697751,0.294583510038386
21589,0.14275776196886,0.0915837244661919,0.540189384657394,0.225469128907555
21590,0.0652219289539983,0.145907595803848,0.522673501851906,0.266196973390248
21591,0.0683765502134916,0.239725836698888,0.397134384112257,0.294763228975363
21592,0.105683161703552,0.250536767933028,0.0936053677090234,0.550174702654397
21593,0.584614607559153,0.168111379956102,0.115915344478672,0.131358668006074
21594,0.156129593378767,0.165526254497115,0.200137638842693,0.478206513281425
21595,0.301302722703445,0.138932180746988,0.101611974964177,0.458153121585391
21596,0.1320763082928,0.62663208685224,0.110579141781716,0.130712463073244
21597,0.346159861941991,0.205215331548452,0.091544476656771,0.357080329852786
21598,0.109279393527494,0.341435928173592,0.343270975381994,0.20601370291692
21599,0.237858497357816,0.364442951864584,0.266986563701133,0.130711987076467
21600,0.100301532623394,0.202324375478661,0.0868933319677101,0.610480759930235
21601,0.0919484322632835,0.180212261796266,0.223142965873682,0.504696340066768
21602,0.0514285073575586,0.456098107455654,0.340204106446595,0.152269278740192
21603,0.380111231865028,0.079818422816636,0.170142601996871,0.369927743321465
21604,0.0836576299809392,0.242684923913389,0.351301275052752,0.322356171052919
21605,0.165739511998845,0.0636163777483572,0.608263788089145,0.162380322163653
21606,0.226956471204955,0.04766253600492,0.394272435458901,0.331108557331223
21607,0.531626102525287,0.0903940495782701,0.077058928670367,0.300920919226076
21608,0.209630234087835,0.462575128570891,0.0476958616624999,0.280098775678774
21609,0.0734319546433778,0.0675971222720286,0.496988038754762,0.361982884329832
21610,0.303959074908524,0.356782334280437,0.0546758178390218,0.284582772972018
21611,0.0885823498743256,0.0989558771413624,0.506393388521111,0.306068384463201
21612,0.51195123647836,0.127341373394057,0.274781700423135,0.0859256897044479
21613,0.0681711220912694,0.232467470431237,0.297971889346985,0.401389518130509
21614,0.109895722280184,0.428455273332748,0.246102160584339,0.21554684380273
21615,0.272153562627267,0.351257190247765,0.0488451816785742,0.327744065446394
21616,0.176554965850994,0.0457442236307973,0.631850770906955,0.145850039611253
21617,0.235322652523807,0.266628977843472,0.265800120647179,0.232248248985543
21618,0.225188980885214,0.105090622640032,0.275975239303608,0.393745157171147
21619,0.229180584359494,0.176489484138039,0.0884473018356696,0.505882629666798
21620,0.0830013886646692,0.690817338705115,0.0575762644457551,0.16860500818446
21621,0.180125930094205,0.352289946929691,0.160465272602124,0.30711885037398
21622,0.139520156340523,0.233839123352536,0.162812008023718,0.463828712283223
21623,0.414388666299066,0.29848182266694,0.103928090554888,0.183201420479106
21624,0.449414897237535,0.265858914268799,0.102333071917373,0.182393116576293
21625,0.104398952973449,0.158840273288022,0.464537967247422,0.272222806491107
21626,0.476698576955931,0.172402613524342,0.162729922278973,0.188168887240754
21627,0.113324314040231,0.219189587295996,0.410213688810194,0.257272409853579
21628,0.15134969197995,0.565902982368224,0.170359264404306,0.11238806124752
21629,0.449537950114844,0.173477392123552,0.120959103997949,0.256025553763655
21630,0.179958744547852,0.233115785963231,0.14982157658496,0.437103892903957
21631,0.161225660265708,0.121233786457042,0.628280722651886,0.0892598306253632
21632,0.099005928125516,0.196545890053034,0.4637590584816,0.24068912333985
21633,0.176610222092327,0.325570022337366,0.175725081371694,0.322094674198613
21634,0.158654008769962,0.630866741394642,0.11402501711411,0.0964542327212854
21635,0.0709894578966845,0.634679091964753,0.202168272431407,0.0921631777071552
21636,0.587362800638884,0.137780245047842,0.102594991748468,0.172261962564806
21637,0.464764522960563,0.289085470858491,0.0994025811308702,0.146747425050076
21638,0.119511608863732,0.362320446495523,0.404295201292603,0.113872743348142
21639,0.251922433226694,0.455479249391606,0.126739349481006,0.165858967900693
21640,0.508776489792602,0.268391044204634,0.122250073464316,0.100582392538448
21641,0.220921375882247,0.222192525515009,0.441826896281856,0.115059202320889
21642,0.472374622637754,0.198157426082511,0.172588559212383,0.156879392067352
21643,0.0723557887814231,0.231155405506323,0.501666318596445,0.194822487115809
21644,0.29614116876762,0.218234378587131,0.216718065970901,0.268906386674349
21645,0.102832536427102,0.589719396009364,0.153032159214219,0.154415908349314
21646,0.1724604157504,0.231125671979821,0.445404169038943,0.151009743230836
21647,0.183711313054947,0.196562848048222,0.423295713739087,0.196430125157743
21648,0.345568620680903,0.143122708166981,0.341619631839115,0.169689039313001
21649,0.485389154670954,0.127144548387944,0.282844346640361,0.104621950300741
21650,0.175514559695177,0.302191980787315,0.310682820412378,0.21161063910513
21651,0.439357501323095,0.103378513731311,0.202712464524345,0.25455152042125
21652,0.104928829160248,0.115688470301583,0.30076008542714,0.478622615111028
21653,0.585052657273721,0.170982355328155,0.12544187272182,0.118523114676303
21654,0.646524230644604,0.119998482137947,0.147830962731011,0.0856463244864382
21655,0.341578124537513,0.0612513812621516,0.503298282389635,0.0938722118107004
21656,0.411954605869523,0.138752595485305,0.234402148114819,0.214890650530353
21657,0.533662589229524,0.134465458931941,0.15960142888685,0.172270522951685
21658,0.474926834264753,0.107543043170912,0.215778719147544,0.201751403416792
21659,0.585909995691961,0.119803832156,0.11941188212554,0.174874290026499
21660,0.127046306177018,0.111701906501128,0.309496422095341,0.451755365226513
21661,0.19464612454621,0.218683202238071,0.207184222173456,0.379486451042264
21662,0.0714869450246081,0.577413199061148,0.0811584880883818,0.269941367825862
21663,0.109558051413507,0.137501676901672,0.622618044035809,0.130322227649012
21664,0.0800979517322791,0.346787932113064,0.210730284296731,0.362383831857926
21665,0.349185467175723,0.244106452248714,0.17600009321069,0.230707987364873
21666,0.109976687651994,0.357570234418299,0.250071694747228,0.282381383182479
21667,0.0524979202758623,0.420085255635182,0.283515227061084,0.243901597027872
21668,0.291298383574626,0.293732334180617,0.174549859101663,0.240419423143094
21669,0.250239237129419,0.233443631969182,0.120824331020532,0.395492799880867
21670,0.128436602896309,0.427002217915299,0.105376458636521,0.339184720551872
21671,0.0675432538519195,0.427201805852046,0.44425541752274,0.0609995227732942
21672,0.0668864694873053,0.216028369548221,0.420468983354522,0.296616177609952
21673,0.38278301777155,0.238985665060492,0.0679427902772828,0.310288526890675
21674,0.311374551937942,0.118881794716471,0.265064685782558,0.304678967563029
21675,0.350638599629906,0.185212586198652,0.124479536105187,0.339669278066255
21676,0.075676063759293,0.653469674935848,0.134365977480639,0.13648828382422
21677,0.551497267815685,0.0803586916766131,0.231121296624723,0.137022743882979
21678,0.132464659889746,0.47294525772284,0.321432137877666,0.0731579445097483
21679,0.177944336498309,0.461657975574194,0.0864260344511644,0.273971653476333
21680,0.323922380091734,0.125761542900741,0.422008989729338,0.128307087278187
21681,0.228550001484515,0.125250896038854,0.19556987745428,0.450629225022351
21682,0.337738715564241,0.279907058530036,0.0988778354305038,0.28347639047522
21683,0.327275091367187,0.078342350423977,0.274529939720064,0.319852618488772
21684,0.373150073340253,0.0911553752111151,0.209512004668725,0.326182546779907
21685,0.127605744474263,0.324802907988548,0.114248053901678,0.433343293635511
21686,0.109890842320576,0.445620778318096,0.211698509205625,0.232789870155703
21687,0.21569061468144,0.107169879141373,0.395614283316952,0.281525222860236
21688,0.265949190630596,0.158941921459948,0.1260599332921,0.449048954617356
21689,0.158343838838301,0.641964491202822,0.0719771422430988,0.127714527715778
21690,0.644479952312126,0.180534607786024,0.0627308511508239,0.112254588751026
21691,0.152689001483739,0.528563756150599,0.110000334641813,0.20874690772385
21692,0.0458029637824997,0.346546608812372,0.508651092266324,0.0989993351388049
21693,0.0981991482720336,0.622661108654176,0.0657685252527508,0.21337121782104
21694,0.127201600296331,0.308858197516687,0.179511395212964,0.384428806974018
21695,0.376053765916487,0.300401729995568,0.202353080068386,0.12119142401956
21696,0.499465064659997,0.224103969538584,0.0736063323060671,0.202824633495351
21697,0.449435265455866,0.228636946514177,0.174523958581609,0.147403829448348
21698,0.154227201944022,0.0680880382158947,0.69127563067025,0.0864091291698336
21699,0.273236643085453,0.548190016211502,0.0350115020007562,0.143561838702288
21700,0.379804792432601,0.241458253406714,0.158127837260025,0.220609116900659
21701,0.524074951021391,0.144804502958366,0.0994846865896467,0.231635859430596
21702,0.0796677230771687,0.474945818267754,0.133181240387371,0.312205218267706
21703,0.131128276709341,0.348157170567151,0.0972191138383852,0.423495438885122
21704,0.126110674874621,0.235598526453669,0.405849612291687,0.232441186380022
21705,0.166588108357092,0.0617808120830905,0.45259940878788,0.319031670771937
21706,0.1246746283045,0.434036127012121,0.0854404005454936,0.355848844137886
21707,0.106477993949061,0.494937330948618,0.162467776442155,0.236116898660166
21708,0.0731855853379178,0.492444476089857,0.191662676782151,0.242707261790074
21709,0.309241917203834,0.189166186604293,0.0541649249382521,0.447426971253621
21710,0.370755659653669,0.0860165744767957,0.0798980981908253,0.46332966767871
21711,0.0536429091240776,0.476922808768052,0.210159848585091,0.259274433522779
21712,0.0867322433714514,0.370907473858835,0.0652736827854954,0.477086599984218
21713,0.568957655708686,0.139173395096572,0.132558101659361,0.159310847535381
21714,0.0681899492040995,0.630905996073045,0.0695219514100734,0.231382103312782
21715,0.490287896943236,0.14288065702574,0.184265701965871,0.182565744065153
21716,0.132893105205271,0.180602216815336,0.262416916415923,0.424087761563471
21717,0.236935346680498,0.0465478969567695,0.429405944859138,0.287110811503594
21718,0.297338716171552,0.41889188405235,0.0520462023199649,0.231723197456134
21719,0.212574137303813,0.12115721346017,0.160698993484802,0.505569655751215
21720,0.422059285069378,0.19733263403357,0.0693386447138488,0.311269436183204
21721,0.133628923689673,0.198905577344737,0.445446477537489,0.2220190214281
21722,0.573872304728624,0.148110652018618,0.104155894532761,0.173861148719997
21723,0.100265429239793,0.314194825648804,0.169817330701577,0.415722414409826
21724,0.361838158902773,0.215158074447405,0.211939227681467,0.211064538968355
21725,0.0938393772841517,0.272941787255917,0.181150181212747,0.452068654247185
21726,0.0608801133355581,0.341357757368369,0.353739960307921,0.244022168988152
21727,0.213744994208288,0.0743191129793202,0.56343881905153,0.148497073760861
21728,0.112507596781964,0.11491156240706,0.364102367589644,0.408478473221332
21729,0.236062355544558,0.251894977885125,0.113589289381652,0.398453377188665
21730,0.397284603780385,0.076338851415397,0.12740212928744,0.398974415516778
21731,0.235058551083456,0.180639072176118,0.406385641330859,0.177916735409567
21732,0.320269569684074,0.206019723086103,0.103341198948205,0.370369508281618
21733,0.389658980807273,0.355527142069852,0.122262642197421,0.132551234925454
21734,0.0655687724516017,0.549262684097849,0.252307941948864,0.132860601501685
21735,0.221706586253578,0.338870865322783,0.0746995334217774,0.364723015001862
21736,0.636239363914254,0.153890456745797,0.0958268325704291,0.11404334676952
21737,0.253024380970259,0.117148117160771,0.510853296585948,0.118974205283022
21738,0.320745072616176,0.238938483084462,0.31765697186625,0.122659472433112
21739,0.15776141624275,0.36276209390692,0.370270813846914,0.109205676003416
21740,0.101286968064504,0.578938201461117,0.224152830286681,0.0956220001876983
21741,0.139686251983425,0.40929082923054,0.218533844251397,0.232489074534638
21742,0.191103532727812,0.19186756873836,0.422764392814476,0.194264505719351
21743,0.435938239754666,0.249572531740464,0.106482032451452,0.208007196053417
21744,0.34597401165183,0.193865903681529,0.359310060232055,0.100850024434586
21745,0.274778831973126,0.176417808647234,0.316016407571067,0.232786951808573
21746,0.260476156003449,0.427313636312691,0.1076171751132,0.20459303257066
21747,0.49242508190866,0.293418313308533,0.117543662445593,0.0966129423372131
21748,0.396263757443814,0.297890080323212,0.176702668055604,0.12914349417737
21749,0.0888756893496068,0.422598762416337,0.259409790151894,0.229115758082162
21750,0.0894918016341047,0.11393482731899,0.570635967973983,0.225937403072922
21751,0.46073867866627,0.0772895994037531,0.324135697469784,0.137836024460193
21752,0.464076472137888,0.111094496494836,0.166953746751135,0.257875284616141
21753,0.328696400009832,0.187867911607671,0.219818772684364,0.263616915698134
21754,0.0908099599324816,0.490207461977994,0.168368504264249,0.250614073825276
21755,0.164109862293523,0.255654776018298,0.316610890044775,0.263624471643404
21756,0.100463827045139,0.38248036230301,0.149791257491711,0.367264553160141
21757,0.164208337100791,0.467603669874879,0.041707931632215,0.326480061392115
21758,0.231376540901344,0.246540518467545,0.148471876608097,0.373611064023013
21759,0.296739127506563,0.393422310347355,0.16310128004896,0.146737282097122
21760,0.183664077609543,0.0533857053873859,0.322457174486027,0.440493042517044
21761,0.110236680202313,0.127451968975126,0.480452880406093,0.281858470416468
21762,0.0495922970112979,0.773748997602969,0.0402681171078391,0.136390588277894
21763,0.451865324078276,0.0978245919354012,0.0479192784274819,0.402390805558841
21764,0.273707863527594,0.0420533284906506,0.533209676972119,0.151029131009636
21765,0.442664931396429,0.122308315364708,0.120758433227538,0.314268320011325
21766,0.0776890620913192,0.438557606605267,0.0605169620611161,0.423236369242298
21767,0.0948287276361729,0.172416297478269,0.371534978220125,0.361219996665433
21768,0.155844723558687,0.374149966807295,0.309386696921038,0.16061861271298
21769,0.206693657788686,0.22316448476739,0.0947720358014646,0.47536982164246
21770,0.107611537414507,0.347270469136541,0.252809326951575,0.292308666497378
21771,0.0526476590758712,0.144646106064752,0.356600055036297,0.44610617982308
21772,0.144741196886146,0.363092899091137,0.190997797499587,0.301168106523129
21773,0.214177411613395,0.424758996338084,0.097375608569174,0.263687983479347
21774,0.054410847651327,0.186398021776403,0.490521867042418,0.268669263529853
21775,0.231931579524195,0.253070247982104,0.218613519091649,0.296384653402052
21776,0.392380169403143,0.258616098781487,0.120059965855166,0.228943765960204
21777,0.0620669917250481,0.0846204609553827,0.558522604676182,0.294789942643387
21778,0.288106125365864,0.147716743954417,0.14119072315891,0.42298640752081
21779,0.351764085463543,0.220798548115268,0.115845635976492,0.311591730444697
21780,0.161202996559538,0.123404879827691,0.45436153035854,0.261030593254231
21781,0.097144299275075,0.136211360373922,0.560610137137279,0.206034203213724
21782,0.425027076213044,0.081811721287971,0.375898224211632,0.117262978287354
21783,0.283146734089146,0.139557750563271,0.176287548747697,0.401007966599886
21784,0.63103990284419,0.178520749488485,0.0727449711262945,0.117694376541031
21785,0.117926699956365,0.55754821646044,0.249171162388246,0.0753539211949489
21786,0.101217653325691,0.143728655817336,0.246903978302939,0.508149712554034
21787,0.0792087213942922,0.699260231265137,0.0736428160251932,0.147888231315377
21788,0.380561230688234,0.266741744456847,0.0779636300063998,0.27473339484852
21789,0.103222213946902,0.242272893782974,0.220216457684759,0.434288434585365
21790,0.548658214594813,0.125446514247246,0.113486271895952,0.212408999261989
21791,0.266337367501983,0.190319833960009,0.147475749466444,0.395867049071565
21792,0.0841121188498,0.313221249263691,0.391784802786645,0.210881829099864
21793,0.153606046601593,0.215842504537352,0.497098580757027,0.133452868104028
21794,0.051763002310067,0.494374225054983,0.277648460426835,0.176214312208114
21795,0.243638861690425,0.056957815857086,0.555378643269363,0.144024679183126
21796,0.229465346789071,0.262813901321078,0.203937738264215,0.303783013625637
21797,0.277379559110278,0.434058862448543,0.106311330930626,0.182250247510554
21798,0.438237501734469,0.0717445257152304,0.262955938667119,0.227062033883182
21799,0.122865896992151,0.0964719180264919,0.188808875638081,0.591853309343277
21800,0.10593727327543,0.0845036950948926,0.326327714771877,0.4832313168578
21801,0.155815015227711,0.16279937306423,0.2580260318969,0.423359579811159
21802,0.0653957098749595,0.194495425400526,0.390235691257216,0.349873173467299
21803,0.106428661231568,0.12536685202196,0.522554653334581,0.245649833411891
21804,0.21234215883398,0.457212608885423,0.144150457548808,0.186294774731788
21805,0.491967849165094,0.0874801104629779,0.144574784592741,0.275977255779188
21806,0.112733964096985,0.384556563275453,0.187480865278558,0.315228607349005
21807,0.164535550301678,0.362660459269234,0.167648813334988,0.305155177094101
21808,0.311492562728218,0.105917032225592,0.163666097378332,0.418924307667857
21809,0.571872955568668,0.0807300270685523,0.0961817891349432,0.251215228227836
21810,0.678241374094645,0.0588837771347761,0.162185383422969,0.10068946534761
21811,0.207915956951344,0.476095362594771,0.2282674333992,0.0877212470546848
21812,0.164307915727867,0.0801445087926686,0.429558541741914,0.32598903373755
21813,0.236107391513792,0.473018675692194,0.0878889223674306,0.202985010426584
21814,0.15730711302679,0.271323866109367,0.402532501508343,0.1688365193555
21815,0.284862105154256,0.0778412955993631,0.37545839350664,0.261838205739741
21816,0.291571670555326,0.406186831331662,0.114958364661021,0.187283133451992
21817,0.138037748525207,0.123613364354902,0.596524192514176,0.141824694605715
21818,0.110507613398108,0.133046394500218,0.355250494971277,0.401195497130397
21819,0.223734846634748,0.242502569671881,0.140161644217995,0.393600939475375
21820,0.658694561519032,0.136389083315105,0.0819465075848399,0.122969847581023
21821,0.131382025946432,0.120305483460191,0.579713289575481,0.168599201017895
21822,0.400905197405684,0.400166580525373,0.0994587148006768,0.0994695072682665
21823,0.121187250377794,0.381556797197527,0.286042207975823,0.211213744448856
21824,0.132676938335676,0.42492712982686,0.304195555916648,0.138200375920816
21825,0.0911232002109709,0.40637158923212,0.149453615423722,0.353051595133186
21826,0.203504803498525,0.403558769358353,0.30798476542583,0.084951661717292
21827,0.0698114688174814,0.111859893625935,0.703661714306837,0.114666923249747
21828,0.10743730574328,0.4693099089912,0.13474320622039,0.28850957904513
21829,0.149296542744425,0.166416039415695,0.511547645423603,0.172739772416278
21830,0.117661895748804,0.144325485101777,0.495918662135071,0.242093957014348
21831,0.237928840819662,0.315809521673723,0.145450742711344,0.300810894795271
21832,0.218705396983231,0.44064048691342,0.0772257354966084,0.263428380606741
21833,0.509724521874393,0.0842904169559576,0.288915730224695,0.117069330944954
21834,0.581796619650819,0.134656519636333,0.156451040640604,0.127095820072244
21835,0.101932889654739,0.437901486854116,0.171969770483358,0.288195853007787
21836,0.0705677864593508,0.148010495076167,0.532220102476149,0.249201615988333
21837,0.135671483248038,0.0912504414390025,0.456450895311048,0.316627180001912
21838,0.212729941817055,0.150973768426894,0.493719622799554,0.142576666956497
21839,0.13346492950403,0.476610042823516,0.198597220447146,0.191327807225308
21840,0.540676186075855,0.131165099999347,0.192237350041614,0.135921363883184
21841,0.471788145940319,0.171415895059441,0.162881205876411,0.193914753123828
21842,0.0682705793950278,0.300291274186426,0.498419363023501,0.133018783395046
21843,0.4771943605997,0.106441256426158,0.193892434881565,0.222471948092577
21844,0.0585521476221541,0.527687327053439,0.204369146003986,0.209391379320421
21845,0.303264277544067,0.142951134651322,0.301204042840313,0.252580544964297
21846,0.112912403285009,0.47498404510584,0.184273051824633,0.227830499784518
21847,0.413630067241951,0.135257983612372,0.285654204796441,0.165457744349235
21848,0.15580194781838,0.186461513622244,0.14876088781959,0.508975650739785
21849,0.470675262904199,0.31854517075307,0.0909662540128921,0.119813312329838
21850,0.522221454790427,0.144708579409316,0.102316684125198,0.230753281675059
21851,0.159198278759961,0.600508919180231,0.0633955294865265,0.176897272573281
21852,0.44336621393829,0.147539121455876,0.18829589932751,0.220798765278323
21853,0.0945883340672747,0.212603159584545,0.466528475419298,0.226280030928883
21854,0.356416569085293,0.115727062541296,0.13589485004186,0.391961518331551
21855,0.122350897000059,0.405266672008005,0.125701912034339,0.346680518957598
21856,0.505665601236285,0.119321595681149,0.27272445544701,0.102288347635556
21857,0.121958485317723,0.488076344254023,0.0933015195351343,0.29666365089312
21858,0.555327258772656,0.0942334484826712,0.0785293929849129,0.271909899759759
21859,0.456867897645747,0.0764656721750836,0.0923617135421022,0.374304716637067
21860,0.507018647191928,0.251840594483701,0.0728768704544579,0.168263887869913
21861,0.172600555432116,0.15478411737943,0.52282918138001,0.149786145808444
21862,0.0490313604108952,0.527962001930119,0.244155364213241,0.178851273445745
21863,0.0810551351269775,0.295939088488173,0.200683839271367,0.422321937113482
21864,0.342726460609611,0.419855891867231,0.0580083064868381,0.17940934103632
21865,0.123630073459973,0.299629001686597,0.397414089357166,0.179326835496265
21866,0.174407963749541,0.119001011302546,0.520664880090956,0.185926144856957
21867,0.0849196428978026,0.117712969915514,0.257822132840319,0.539545254346364
21868,0.153329091150101,0.10609405624951,0.441755881308255,0.298820971292134
21869,0.320983760177145,0.0812185195333081,0.181435165570466,0.416362554719081
21870,0.240547155454645,0.176221665381188,0.269890739919332,0.313340439244835
21871,0.643362091276488,0.0922276775032929,0.0654077278952195,0.199002503324999
21872,0.0615288298952937,0.474788589693409,0.281186943362928,0.18249563704837
21873,0.319978728122069,0.350183205131295,0.240371942960256,0.0894661237863802
21874,0.10442863960306,0.608466204964088,0.126927972836488,0.160177182596364
21875,0.346279044790369,0.33202719941647,0.0702265850977473,0.251467170695414
21876,0.619616275010472,0.1119628539498,0.141261351514872,0.127159519524856
21877,0.0867014615293634,0.415145995832364,0.104507291120407,0.393645251517866
21878,0.36493937292456,0.484915082623591,0.067542027749491,0.0826035167023584
21879,0.28387951294489,0.2894089472532,0.0795462240964925,0.347165315705417
21880,0.470573813983609,0.129237513309698,0.262214011668447,0.137974661038247
21881,0.13591323808737,0.264909815494506,0.196872473494912,0.402304472923212
21882,0.194153186231315,0.170107352641799,0.248799572429491,0.386939888697395
21883,0.0834730544848079,0.293038237800938,0.257556590355959,0.365932117358295
21884,0.174946865333371,0.509758801254501,0.0489590075654997,0.266335325846628
21885,0.117695419806137,0.422166131371583,0.0755148405574992,0.38462360826478
21886,0.322340049109129,0.213624134904235,0.105406234268191,0.358629581718445
21887,0.208073350834679,0.07395193100697,0.389706569493189,0.328268148665162
21888,0.0827230539849843,0.301262458480582,0.449881632766146,0.166132854768287
21889,0.134577056291033,0.239281839483559,0.252969291633416,0.373171812591992
21890,0.230260612340634,0.148787600319103,0.200702508078324,0.420249279261939
21891,0.505270781342631,0.0677001811601436,0.288694675398681,0.138334362098545
21892,0.0913267537528205,0.339064768551809,0.101361552662273,0.468246925033097
21893,0.106367498612835,0.388244518306563,0.0998588733335481,0.405529109747054
21894,0.118888734757397,0.0916919020829008,0.288324990789983,0.501094372369718
21895,0.0554316299777585,0.0832001177366771,0.725669614951241,0.135698637334324
21896,0.375469480608711,0.151771520863358,0.308174576986233,0.164584421541699
21897,0.195797468928736,0.411830842007678,0.250086648427184,0.142285040636402
21898,0.169251531480614,0.262906167333305,0.311475077595091,0.25636722359099
21899,0.18583170991326,0.126899435867568,0.558763916659787,0.128504937559384
21900,0.113806310372948,0.0994343831318762,0.122207772820157,0.664551533675019
21901,0.183648073673783,0.595178533713839,0.0659572986522862,0.155216093960092
21902,0.0688226262137963,0.174200827577502,0.563453659842473,0.193522886366228
21903,0.0812902527696929,0.150086739314818,0.523038438389566,0.245584569525923
21904,0.216564816857215,0.0886462836596276,0.268561449476275,0.426227450006883
21905,0.0687558042525014,0.436361061417031,0.245266440449479,0.249616693880988
21906,0.109805572260735,0.243358041521416,0.106108438266564,0.540727947951285
21907,0.0881049579300854,0.319478895258668,0.177101440914521,0.415314705896725
21908,0.344285184938205,0.144018129087254,0.210435928428648,0.301260757545893
21909,0.238115616363053,0.124805828633215,0.315490014504979,0.321588540498752
21910,0.403080714432478,0.169568018438052,0.148557982187638,0.278793284941832
21911,0.157078095712792,0.58488806545336,0.108370252167334,0.149663586666514
21912,0.173005912595912,0.464088042220254,0.0564880049544352,0.306418040229398
21913,0.143295096297224,0.427429039043434,0.128333400602783,0.300942464056559
21914,0.115999934305992,0.119808139841731,0.23650812523665,0.527683800615627
21915,0.277556044869362,0.120450458949451,0.302842696565671,0.299150799615515
21916,0.0968463538468262,0.12846967856349,0.209013183093802,0.565670784495882
21917,0.171427826436745,0.143762385421726,0.209449098262622,0.475360689878907
21918,0.0769539095043932,0.102143117121354,0.673013955996277,0.147889017377976
21919,0.195944405240469,0.0829850881411615,0.579638513532502,0.141431993085867
21920,0.221826400677595,0.236251117550551,0.125760398199312,0.416162083572542
21921,0.135238460659302,0.556555206715428,0.103883949136912,0.204322383488358
21922,0.382037510635583,0.251402691816044,0.0890300599540448,0.277529737594328
21923,0.185481364572198,0.105554463226443,0.204865423205543,0.504098748995815
21924,0.186175832798287,0.104242056393455,0.267974618556524,0.441607492251733
21925,0.398439121979023,0.204812224422853,0.194394548939065,0.202354104659059
21926,0.376035517880205,0.109358359354975,0.126213967712142,0.388392155052679
21927,0.116184632081842,0.148885928553311,0.546765374309144,0.188164065055702
21928,0.125049504817407,0.619096727166686,0.0679926864896068,0.1878610815263
21929,0.0978623795890099,0.088171152147486,0.143339497241214,0.67062697102229
21930,0.0491686230221445,0.299169635269103,0.212414971337558,0.439246770371195
21931,0.167826627873686,0.304703254858697,0.0889917459084951,0.438478371359122
21932,0.103422431557796,0.063257437383118,0.500338465708409,0.332981665350678
21933,0.090942741740009,0.46811709400775,0.0812461287964991,0.359694035455742
21934,0.10160355973393,0.340884744549233,0.168122793433938,0.389388902282898
21935,0.179128210240621,0.204115572147491,0.1355063531829,0.481249864428988
21936,0.193982814880932,0.222559045837425,0.139820924555861,0.443637214725782
21937,0.0865660323271744,0.157073822689923,0.538855300064275,0.217504844918628
21938,0.0421823687668171,0.476214101477004,0.154972489221224,0.326631040534954
21939,0.081847945885737,0.314075597270084,0.108065838000858,0.496010618843322
21940,0.39955931249625,0.198904926548953,0.10900561558851,0.292530145366287
21941,0.110562699080543,0.0895003091805079,0.272119006923855,0.527817984815094
21942,0.125731990300252,0.630924980492155,0.113579982861869,0.129763046345724
21943,0.0796279187718482,0.369984928580189,0.0844115115101554,0.465975641137808
21944,0.0717313640435091,0.465734598789115,0.268050665520736,0.19448337164664
21945,0.123178115517217,0.290397200055546,0.0934403439608135,0.492984340466423
21946,0.441750395537902,0.177547614158638,0.110083902980014,0.270618087323447
21947,0.479927229101452,0.176648983306635,0.140904174953922,0.202519612637991
21948,0.132351660725915,0.457108061526206,0.214505624300156,0.196034653447723
21949,0.165897616276762,0.328855382025873,0.14069420528051,0.364552796416855
21950,0.136420093552688,0.445902933364709,0.0909117931662708,0.326765179916332
21951,0.114517514253097,0.24858635409594,0.315359539206698,0.321536592444265
21952,0.357623937882043,0.104972802199901,0.111608579515496,0.425794680402559
21953,0.413953822997112,0.23429272238043,0.0918682097315826,0.259885244890876
21954,0.2355749598112,0.106859876832952,0.164848920216101,0.492716243139746
21955,0.43389487376541,0.125415578854683,0.19346389640016,0.247225650979747
21956,0.0999481775409974,0.16026867343213,0.172810796770714,0.566972352256158
21957,0.404078074389701,0.141000100055555,0.196596090706943,0.258325734847801
21958,0.0618182342696737,0.643775712797994,0.154362231858341,0.140043821073991
21959,0.120108918114952,0.151653465499866,0.132906915049199,0.595330701335983
21960,0.160501919765514,0.504565733074961,0.0647063183375007,0.270226028822024
21961,0.209938176814029,0.19228923186759,0.327554277246199,0.270218314072182
21962,0.606999028038731,0.139322970636532,0.119488783140743,0.134189218183994
21963,0.0999363636514106,0.474315210879564,0.285076571951202,0.140671853517824
21964,0.158827671069073,0.0705095652744293,0.622388058165978,0.14827470549052
21965,0.104191642956315,0.110838386326492,0.323612188955105,0.461357781762087
21966,0.107978840890052,0.0758484827425037,0.375018539837558,0.441154136529886
21967,0.446314175302826,0.0655107816152918,0.241127094139813,0.247047948942069
21968,0.224934287605736,0.418918961670807,0.0742920283749706,0.281854722348487
21969,0.0770751650230865,0.16899249427568,0.191344318210425,0.562588022490809
21970,0.196288242412728,0.199372168278368,0.128990515398108,0.475349073910796
21971,0.177413000212605,0.282140975548206,0.431757352117057,0.108688672122132
21972,0.322792856273467,0.182368673704297,0.147850283404891,0.346988186617345
21973,0.408285395322534,0.166886679791916,0.0692146693778212,0.355613255507729
21974,0.482869149461045,0.186700703910502,0.0838066714182645,0.246623475210189
21975,0.069611395157123,0.137244335023116,0.304873134808156,0.488271135011605
21976,0.291752024188359,0.324815273794484,0.286752428960935,0.0966802730562219
21977,0.147619870360586,0.350322181731388,0.195016475899286,0.307041472008739
21978,0.242260599309868,0.0734298780868899,0.239760761579085,0.444548761024157
21979,0.275668726917764,0.198928176860044,0.0792758084919121,0.44612728773028
21980,0.0923125769175065,0.545665577769273,0.103741972792171,0.25827987252105
21981,0.13159165891157,0.433947512687663,0.18992464517176,0.244536183229008
21982,0.167244872200206,0.232777301686425,0.194537746823853,0.405440079289517
21983,0.0804555364063185,0.0823487805218743,0.305371261867099,0.531824421204708
21984,0.165544929100228,0.195044231778033,0.19566896777015,0.443741871351589
21985,0.059900118428846,0.552075006834695,0.0933872322776088,0.29463764245885
21986,0.111147686099942,0.130414207129015,0.613587170832035,0.144850935939007
21987,0.079737612382297,0.295385871457403,0.207027968619133,0.417848547541167
21988,0.320205356566437,0.218752778753176,0.186505099665497,0.27453676501489
21989,0.100968604039919,0.292951566779554,0.252828461335792,0.353251367844734
21990,0.0507675284490585,0.360336965999904,0.277983450171626,0.310912055379411
21991,0.265657483343056,0.244812027109525,0.183883132357242,0.305647357190176
21992,0.24069118971198,0.207153875428037,0.122718977987796,0.429435956872187
21993,0.130492877332587,0.359791537961745,0.139500743506786,0.370214841198882
21994,0.0692165987453017,0.413522014517451,0.443479895605854,0.0737814911313932
21995,0.0700896104827121,0.178976960561539,0.414284181986713,0.336649246969036
21996,0.38286683695812,0.195017288781806,0.0667345343532748,0.3553813399068
21997,0.303244979682434,0.106478434556146,0.246685497911513,0.343591087849907
21998,0.309403109966781,0.152102735648364,0.145462850876154,0.3930313035087
21999,0.0827382637096179,0.616481884037998,0.169228895604204,0.13155095664818
22000,0.533516224417416,0.0766202662064312,0.230798637925206,0.159064871450947
22001,0.135059580124613,0.491711368239257,0.28406731405798,0.0891617375781493
22002,0.159086923747012,0.430278659329553,0.0978539102846254,0.312780506638809
22003,0.0987202109778487,0.222531843251945,0.481325242281974,0.197422703488232
22004,0.526504013185858,0.196008383175601,0.0854447308656296,0.192042872772911
22005,0.31581506655353,0.0898058992117379,0.229141904297745,0.365237129936987
22006,0.0886152945857256,0.259727082202987,0.176260361268917,0.47539726194237
22007,0.226201336040783,0.420370755328243,0.138326036313393,0.21510187231758
22008,0.084565647241146,0.198679620925067,0.439645226268334,0.277109505565453
22009,0.379683247344764,0.190434571744803,0.165179546938455,0.264702633971978
22010,0.134922300516464,0.460396162118437,0.0843326397506914,0.320348897614408
22011,0.0952903400641109,0.33299706923084,0.265324850148494,0.306387740556555
22012,0.27199068664594,0.209153390541428,0.169067617100633,0.349788305711998
22013,0.296642591510524,0.159119976945189,0.349518713226516,0.194718718317771
22014,0.129121030671488,0.114341316616493,0.610693695435799,0.14584395727622
22015,0.133347767722964,0.124294198483923,0.320340033132793,0.42201800066032
22016,0.0829472386549583,0.397692089659422,0.138048888085061,0.381311783600559
22017,0.0729779505930896,0.674794584303193,0.118080562853579,0.134146902250139
22018,0.217422014613612,0.192766495045744,0.31379910543236,0.276012384908285
22019,0.208305276761942,0.139064142690203,0.278156355263348,0.374474225284507
22020,0.192280731276777,0.153799096826102,0.330759745966258,0.323160425930863
22021,0.131613244567114,0.261700196274164,0.282738662841783,0.323947896316939
22022,0.476145315991502,0.137201902992511,0.160372058921908,0.226280722094079
22023,0.318761935724089,0.11488885950144,0.316783379365672,0.249565825408799
22024,0.255981928521472,0.115837372089572,0.16692610559731,0.461254593791646
22025,0.372010602889248,0.202544783990971,0.117931418360782,0.307513194758999
22026,0.621138434235427,0.120183765200041,0.0726755841562288,0.186002216408303
22027,0.296113491888108,0.215987881360139,0.142213309700073,0.345685317051679
22028,0.402911517820746,0.127614943032278,0.0984356906653261,0.371037848481651
22029,0.112573137317602,0.150459441784972,0.109613584942611,0.627353835954816
22030,0.412279326723686,0.0618085853943364,0.390867663142358,0.13504442473962
22031,0.225263156436466,0.209784559550579,0.111155404454086,0.453796879558869
22032,0.116966553059857,0.292646756929079,0.106084015352299,0.484302674658764
22033,0.135743130163298,0.128267680091729,0.60639356439777,0.129595625347203
22034,0.633845261303117,0.104045445951679,0.098191836786711,0.163917455958492
22035,0.252475777711301,0.15991790840962,0.122085918259795,0.465520395619285
22036,0.46691262683455,0.206797940718875,0.130502051284032,0.195787381162543
22037,0.177669095691036,0.212459781452307,0.0799097939464948,0.529961328910162
22038,0.15900673561997,0.298356884323324,0.109559307074283,0.433077072982423
22039,0.420665237293487,0.333250001499593,0.0463267007026765,0.199758060504243
22040,0.172450801774113,0.399899204468095,0.17038774213364,0.257262251624153
22041,0.141532589108239,0.0818831520701952,0.547757514236491,0.228826744585075
22042,0.225639387762626,0.184709670431326,0.317131065103745,0.272519876702303
22043,0.189822935123546,0.453602102211936,0.122291859245526,0.234283103418992
22044,0.134960499677316,0.125353103588598,0.297637219425771,0.442049177308316
22045,0.0872807932331565,0.465389450400063,0.143171780748612,0.304157975618168
22046,0.201041972873043,0.206390713653636,0.296990158593523,0.295577154879799
22047,0.146963077661938,0.398511254670565,0.167080518286168,0.287445149381329
22048,0.126304406028137,0.665144260199401,0.0897560624711797,0.118795271301282
22049,0.133807155653174,0.529064830054596,0.112313074497339,0.224814939794891
22050,0.190123265856235,0.346425221925484,0.319688506882184,0.143763005336096
22051,0.130987702242301,0.139510406833296,0.554671262562421,0.174830628361982
22052,0.234054676772004,0.400115918050055,0.192541378876111,0.17328802630183
22053,0.0595199778006373,0.685473491529047,0.143528209641685,0.111478321028631
22054,0.0992594289178885,0.114532869814476,0.649452035452925,0.13675566581471
22055,0.182622033098292,0.234620105247422,0.435675208490127,0.147082653164159
22056,0.169869013643278,0.109408327068219,0.574368284201784,0.146354375086719
22057,0.331652050816679,0.14031012366786,0.246262279563099,0.281775545952362
22058,0.230015337437428,0.504308179722209,0.146883858546011,0.118792624294352
22059,0.237532296278535,0.438961337230515,0.0867770503735117,0.236729316117438
22060,0.203688142836371,0.242328557774355,0.0913980234760397,0.462585275913234
22061,0.121638928487479,0.152159408968091,0.469917580538418,0.256284082006011
22062,0.127958167187939,0.231530770363832,0.495474391219165,0.145036671229064
22063,0.0376037093784469,0.666080365663059,0.187304030024208,0.109011894934286
22064,0.487283621634509,0.19802065697713,0.16119426317091,0.153501458217451
22065,0.147324460617548,0.160342687399183,0.43702803029186,0.255304821691409
22066,0.408458637161019,0.152309897901676,0.15200768165478,0.287223783282524
22067,0.423845026586797,0.202495345515106,0.0597890007388696,0.313870627159227
22068,0.156422299161196,0.729096514432815,0.0338206060040812,0.0806605804019072
22069,0.0676455464380992,0.527899944474964,0.103802777588589,0.300651731498348
22070,0.391885985325068,0.0860716588324114,0.118766326276066,0.403276029566454
22071,0.339128543156776,0.173974973770322,0.115958455520662,0.37093802755224
22072,0.047659338842397,0.542561473998233,0.31460367910025,0.0951755080591203
22073,0.166040150902648,0.153614113890416,0.347082880548898,0.333262854658038
22074,0.0515579341770729,0.724148049508222,0.122455684516326,0.101838331798379
22075,0.121564224760921,0.288546323961807,0.235314142415658,0.354575308861615
22076,0.653211290587291,0.143593988998007,0.0823238943288931,0.120870826085808
22077,0.230459314806831,0.133761953396698,0.125432809195336,0.510345922601135
