"","Ch1","Ch2","Ch3","Ch4","No"
"1",0.038,0.854,0.064,0.044,1
"2",0.766,0.07,0.036,0.128,2
"3",0.092,0.674,0.046,0.188,3
"4",0.072,0.694,0.056,0.178,4
"5",0.07,0.694,0.202,0.034,5
"6",0.676,0.106,0.074,0.144,6
"7",0.046,0.866,0.024,0.064,7
"8",0.186,0.642,0.036,0.136,8
"9",0.038,0.756,0.026,0.18,9
"10",0.062,0.722,0.022,0.194,10
"11",0.042,0.778,0.052,0.128,11
"12",0.05,0.652,0.196,0.102,12
"13",0.022,0.688,0.112,0.178,13
"14",0.106,0.25,0.094,0.55,14
"15",0.03,0.84,0.018,0.112,15
"16",0.146,0.118,0.12,0.616,16
"17",0.044,0.694,0.042,0.22,17
"18",0.032,0.878,0.022,0.068,18
"19",0.036,0.782,0.094,0.088,19
"20",0.088,0.844,0.03,0.038,20
"21",0.358,0.228,0.104,0.31,21
"22",0.086,0.09,0.062,0.762,22
"23",0.05,0.25,0.65,0.05,23
"24",0.042,0.108,0.102,0.748,24
"25",0.04,0.114,0.736,0.11,25
"26",0.074,0.07,0.132,0.724,26
"27",0.172,0.08,0.588,0.16,27
"28",0.05,0.05,0.194,0.706,28
"29",0.03,0.142,0.734,0.094,29
"30",0.118,0.108,0.03,0.744,30
"31",0.036,0.068,0.126,0.77,31
"32",0.042,0.112,0.086,0.76,32
"33",0.11,0.042,0.088,0.76,33
"34",0.062,0.056,0.068,0.814,34
"35",0.2,0.266,0.218,0.316,35
"36",0.066,0.072,0.048,0.814,36
"37",0.726,0.028,0.098,0.148,37
"38",0.062,0.158,0.08,0.7,38
"39",0.064,0.644,0.18,0.112,39
"40",0.12,0.672,0.02,0.188,40
"41",0.656,0.114,0.06,0.17,41
"42",0.18,0.02,0.732,0.068,42
"43",0.816,0.032,0.03,0.122,43
"44",0.082,0.152,0.684,0.082,44
"45",0.172,0.078,0.496,0.254,45
"46",0.038,0.704,0.178,0.08,46
"47",0.362,0.144,0.366,0.128,47
"48",0.61,0.27,0.072,0.048,48
"49",0.026,0.776,0.168,0.03,49
"50",0.088,0.83,0.022,0.06,50
"51",0.114,0.034,0.812,0.04,51
"52",0.024,0.908,0.036,0.032,52
"53",0.136,0.026,0.068,0.77,53
"54",0.736,0.078,0.06,0.126,54
"55",0.028,0.096,0.786,0.09,55
"56",0.2,0.304,0.08,0.416,56
"57",0.042,0.098,0.154,0.706,57
"58",0.05,0.078,0.732,0.14,58
"59",0.096,0.136,0.042,0.726,59
"60",0.048,0.69,0.102,0.16,60
"61",0.144,0.332,0.218,0.306,61
"62",0.038,0.048,0.79,0.124,62
"63",0.05,0.092,0.048,0.81,63
"64",0.064,0.754,0.074,0.108,64
"65",0.054,0.036,0.774,0.136,65
"66",0.03,0.098,0.124,0.748,66
"67",0.768,0.052,0.062,0.118,67
"68",0.806,0.06,0.042,0.092,68
"69",0.036,0.128,0.748,0.088,69
"70",0.026,0.062,0.784,0.128,70
"71",0.07,0.782,0.032,0.116,71
"72",0.1,0.284,0.332,0.284,72
"73",0.032,0.716,0.09,0.162,73
"74",0.072,0.738,0.052,0.138,74
"75",0.04,0.056,0.8,0.104,75
"76",0.054,0.026,0.79,0.13,76
"77",0.052,0.038,0.724,0.186,77
"78",0.644,0.054,0.13,0.172,78
"79",0.094,0.116,0.332,0.458,79
"80",0.738,0.072,0.068,0.122,80
"81",0.04,0.786,0.018,0.156,81
"82",0.046,0.122,0.06,0.772,82
"83",0.058,0.044,0.186,0.712,83
"84",0.044,0.844,0.028,0.084,84
"85",0.054,0.696,0.12,0.13,85
"86",0.664,0.07,0.062,0.204,86
"87",0.096,0.026,0.158,0.72,87
"88",0.08,0.06,0.748,0.112,88
"89",0.298,0.12,0.104,0.478,89
"90",0.22,0.21,0.29,0.28,90
"91",0.11,0.714,0.026,0.15,91
"92",0.056,0.726,0.046,0.172,92
"93",0.024,0.076,0.802,0.098,93
"94",0.752,0.07,0.024,0.154,94
"95",0.09,0.068,0.048,0.794,95
"96",0.766,0.048,0.074,0.112,96
"97",0.138,0.058,0.672,0.132,97
"98",0.048,0.694,0.156,0.102,98
"99",0.132,0.568,0.088,0.212,99
"100",0.032,0.092,0.824,0.052,100
"101",0.034,0.754,0.086,0.126,101
"102",0.028,0.662,0.17,0.14,102
"103",0.134,0.072,0.078,0.716,103
"104",0.03,0.144,0.112,0.714,104
"105",0.71,0.05,0.092,0.148,105
"106",0.052,0.876,0.028,0.044,106
"107",0.046,0.11,0.712,0.132,107
"108",0.68,0.194,0.076,0.05,108
"109",0.288,0.116,0.196,0.4,109
"110",0.07,0.03,0.816,0.084,110
"111",0.712,0.066,0.052,0.17,111
"112",0.108,0.684,0.154,0.054,112
"113",0.392,0.142,0.18,0.286,113
"114",0.048,0.91,0.01,0.032,114
"115",0.076,0.212,0.414,0.298,115
"116",0.784,0.088,0.026,0.102,116
"117",0.082,0.042,0.738,0.138,117
"118",0.026,0.808,0.116,0.05,118
"119",0.704,0.074,0.092,0.13,119
"120",0.032,0.746,0.19,0.032,120
"121",0.668,0.148,0.044,0.14,121
"122",0.24,0.382,0.136,0.242,122
"123",0.084,0.828,0.03,0.058,123
"124",0.1,0.15,0.65,0.1,124
"125",0.028,0.812,0.026,0.134,125
"126",0.18,0.26,0.142,0.418,126
"127",0.842,0.04,0.07,0.048,127
"128",0.066,0.812,0.034,0.088,128
"129",0.244,0.47,0.118,0.168,129
"130",0.722,0.128,0.014,0.136,130
"131",0.112,0.08,0.688,0.12,131
"132",0.046,0.822,0.02,0.112,132
"133",0.034,0.032,0.912,0.022,133
"134",0.798,0.052,0.048,0.102,134
"135",0.336,0.174,0.196,0.294,135
"136",0.724,0.054,0.03,0.192,136
"137",0.052,0.046,0.832,0.07,137
"138",0.756,0.066,0.066,0.112,138
"139",0.098,0.094,0.72,0.088,139
"140",0.122,0.19,0.272,0.416,140
"141",0.024,0.06,0.792,0.124,141
"142",0.146,0.108,0.53,0.216,142
"143",0.098,0.096,0.068,0.738,143
"144",0.06,0.094,0.086,0.76,144
"145",0.05,0.146,0.068,0.736,145
"146",0.032,0.124,0.078,0.766,146
"147",0.066,0.106,0.124,0.704,147
"148",0.088,0.09,0.074,0.748,148
"149",0.174,0.394,0.27,0.162,149
"150",0.052,0.696,0.19,0.062,150
"151",0.064,0.146,0.672,0.118,151
"152",0.674,0.104,0.124,0.098,152
"153",0.598,0.166,0.05,0.186,153
"154",0.08,0.062,0.768,0.09,154
"155",0.016,0.134,0.774,0.076,155
"156",0.012,0.884,0.048,0.056,156
"157",0.756,0.06,0.106,0.078,157
"158",0.04,0.046,0.784,0.13,158
"159",0.786,0.034,0.048,0.132,159
"160",0.808,0.06,0.014,0.118,160
"161",0.044,0.902,0.014,0.04,161
"162",0.056,0.768,0.046,0.13,162
"163",0.176,0.034,0.028,0.762,163
"164",0.1,0.082,0.042,0.776,164
"165",0.032,0.836,0.058,0.074,165
"166",0.058,0.046,0.776,0.12,166
"167",0.022,0.856,0.076,0.046,167
"168",0.042,0.156,0.668,0.134,168
"169",0.84,0.042,0.024,0.094,169
"170",0.316,0.126,0.118,0.44,170
"171",0.156,0.05,0.04,0.754,171
"172",0.21,0.29,0.166,0.334,172
"173",0.056,0.818,0.066,0.06,173
"174",0.11,0.248,0.496,0.146,174
"175",0.808,0.066,0.058,0.068,175
"176",0.074,0.126,0.056,0.744,176
"177",0.094,0.092,0.08,0.734,177
"178",0.722,0.108,0.054,0.116,178
"179",0.064,0.114,0.066,0.756,179
"180",0.074,0.07,0.068,0.788,180
"181",0.192,0.228,0.43,0.15,181
"182",0.046,0.058,0.83,0.066,182
"183",0.048,0.876,0.036,0.04,183
"184",0.098,0.37,0.304,0.228,184
"185",0.09,0.096,0.08,0.734,185
"186",0.102,0.828,0.032,0.038,186
"187",0.806,0.084,0.062,0.048,187
"188",0.1,0.76,0.054,0.086,188
"189",0.098,0.058,0.666,0.178,189
"190",0.164,0.31,0.158,0.368,190
"191",0.238,0.17,0.26,0.332,191
"192",0.014,0.1,0.836,0.05,192
"193",0.054,0.162,0.67,0.114,193
"194",0.044,0.656,0.174,0.126,194
"195",0.058,0.144,0.64,0.158,195
"196",0.674,0.198,0.04,0.088,196
"197",0.82,0.112,0.02,0.048,197
"198",0.02,0.292,0.654,0.034,198
"199",0.748,0.026,0.108,0.118,199
"200",0.022,0.682,0.07,0.226,200
"201",0.028,0.792,0.07,0.11,201
"202",0.042,0.02,0.858,0.08,202
"203",0.598,0.056,0.058,0.288,203
"204",0.038,0.036,0.726,0.2,204
"205",0.75,0.018,0.17,0.062,205
"206",0.142,0.108,0.196,0.554,206
"207",0.652,0.162,0.024,0.162,207
"208",0.674,0.236,0.022,0.068,208
"209",0.716,0.05,0.16,0.074,209
"210",0.684,0.076,0.04,0.2,210
"211",0.038,0.79,0.082,0.09,211
"212",0.042,0.088,0.824,0.046,212
"213",0.022,0.116,0.688,0.174,213
"214",0.662,0.176,0.044,0.118,214
"215",0.732,0.04,0.036,0.192,215
"216",0.066,0.06,0.464,0.41,216
"217",0.034,0.058,0.802,0.106,217
"218",0.704,0.042,0.03,0.224,218
"219",0.058,0.754,0.034,0.154,219
"220",0.142,0.646,0.052,0.16,220
"221",0.152,0.028,0.734,0.086,221
"222",0.044,0.028,0.722,0.206,222
"223",0.728,0.056,0.104,0.112,223
"224",0.04,0.054,0.694,0.212,224
"225",0.706,0.046,0.046,0.202,225
"226",0.034,0.036,0.738,0.192,226
"227",0.684,0.19,0.04,0.086,227
"228",0.746,0.044,0.028,0.182,228
"229",0.038,0.172,0.07,0.72,229
"230",0.092,0.186,0.026,0.696,230
"231",0.198,0.072,0.038,0.692,231
"232",0.08,0.128,0.084,0.708,232
"233",0.116,0.036,0.126,0.722,233
"234",0.146,0.024,0.134,0.696,234
"235",0.208,0.038,0.06,0.694,235
"236",0.408,0.108,0.12,0.364,236
"237",0.118,0.106,0.032,0.744,237
"238",0.034,0.022,0.244,0.7,238
"239",0.07,0.026,0.23,0.674,239
"240",0.076,0.21,0.024,0.69,240
"241",0.062,0.03,0.854,0.054,241
"242",0.034,0.024,0.222,0.72,242
"243",0.034,0.286,0.014,0.666,243
"244",0.026,0.034,0.252,0.688,244
"245",0.074,0.22,0.032,0.674,245
"246",0.232,0.036,0.03,0.702,246
"247",0.028,0.926,0.022,0.024,247
"248",0.7,0.032,0.202,0.066,248
"249",0.036,0.092,0.04,0.832,249
"250",0.044,0.048,0.858,0.05,250
"251",0.424,0.21,0.096,0.27,251
"252",0.05,0.118,0.036,0.796,252
"253",0.246,0.252,0.144,0.358,253
"254",0.222,0.422,0.084,0.272,254
"255",0.094,0.24,0.114,0.552,255
"256",0.83,0.068,0.036,0.066,256
"257",0.034,0.062,0.778,0.126,257
"258",0.266,0.144,0.218,0.372,258
"259",0.11,0.792,0.054,0.044,259
"260",0.03,0.034,0.058,0.878,260
"261",0.322,0.172,0.124,0.382,261
"262",0.106,0.216,0.416,0.262,262
"263",0.038,0.804,0.066,0.092,263
"264",0.136,0.098,0.156,0.61,264
"265",0.064,0.048,0.044,0.844,265
"266",0.024,0.064,0.832,0.08,266
"267",0.056,0.132,0.448,0.364,267
"268",0.646,0.268,0.036,0.05,268
"269",0.034,0.264,0.676,0.026,269
"270",0.124,0.302,0.126,0.448,270
"271",0.684,0.256,0.024,0.036,271
"272",0.698,0.056,0.054,0.192,272
"273",0.048,0.048,0.718,0.186,273
"274",0.012,0.76,0.024,0.204,274
"275",0.032,0.088,0.028,0.852,275
"276",0.046,0.874,0.044,0.036,276
"277",0.066,0.732,0.048,0.154,277
"278",0.06,0.852,0.046,0.042,278
"279",0.03,0.882,0.036,0.052,279
"280",0.204,0.166,0.126,0.504,280
"281",0.728,0.054,0.044,0.174,281
"282",0.04,0.03,0.8,0.13,282
"283",0.682,0.058,0.042,0.218,283
"284",0.05,0.034,0.178,0.738,284
"285",0.098,0.034,0.044,0.824,285
"286",0.064,0.804,0.018,0.114,286
"287",0.05,0.032,0.752,0.166,287
"288",0.106,0.066,0.706,0.122,288
"289",0.128,0.036,0.022,0.814,289
"290",0.084,0.478,0.146,0.292,290
"291",0.13,0.082,0.534,0.254,291
"292",0.05,0.684,0.076,0.19,292
"293",0.13,0.062,0.064,0.744,293
"294",0.108,0.112,0.044,0.736,294
"295",0.328,0.224,0.172,0.276,295
"296",0.07,0.072,0.052,0.806,296
"297",0.14,0.032,0.056,0.772,297
"298",0.76,0.076,0.034,0.13,298
"299",0.042,0.788,0.052,0.118,299
"300",0.028,0.802,0.042,0.128,300
"301",0.284,0.156,0.308,0.252,301
"302",0.15,0.278,0.162,0.41,302
"303",0.062,0.808,0.034,0.096,303
"304",0.342,0.072,0.222,0.364,304
"305",0.144,0.226,0.27,0.36,305
"306",0.036,0.196,0.68,0.088,306
"307",0.11,0.182,0.668,0.04,307
"308",0.152,0.692,0.018,0.138,308
"309",0.038,0.714,0.182,0.066,309
"310",0.688,0.082,0.124,0.106,310
"311",0.246,0.07,0.018,0.666,311
"312",0.726,0.094,0.1,0.08,312
"313",0.866,0.032,0.058,0.044,313
"314",0.868,0.038,0.03,0.064,314
"315",0.042,0.708,0.032,0.218,315
"316",0.102,0.64,0.04,0.218,316
"317",0.206,0.644,0.036,0.114,317
"318",0.03,0.912,0.022,0.036,318
"319",0.01,0.212,0.026,0.752,319
"320",0.028,0.852,0.07,0.05,320
"321",0.062,0.038,0.062,0.838,321
"322",0.648,0.17,0.056,0.126,322
"323",0.062,0.07,0.752,0.116,323
"324",0.036,0.784,0.072,0.108,324
"325",0.058,0.04,0.792,0.11,325
"326",0.062,0.118,0.686,0.134,326
"327",0.284,0.25,0.144,0.322,327
"328",0.754,0.108,0.052,0.086,328
"329",0.2,0.158,0.19,0.452,329
"330",0.102,0.12,0.722,0.056,330
"331",0.036,0.108,0.036,0.82,331
"332",0.084,0.04,0.046,0.83,332
"333",0.188,0.278,0.1,0.434,333
"334",0.058,0.056,0.048,0.838,334
"335",0.05,0.054,0.744,0.152,335
"336",0.032,0.074,0.09,0.804,336
"337",0.034,0.03,0.768,0.168,337
"338",0.134,0.106,0.186,0.574,338
"339",0.09,0.75,0.12,0.04,339
"340",0.094,0.2,0.12,0.586,340
"341",0.05,0.06,0.048,0.842,341
"342",0.036,0.048,0.772,0.144,342
"343",0.218,0.438,0.116,0.228,343
"344",0.644,0.034,0.152,0.17,344
"345",0.024,0.05,0.776,0.15,345
"346",0.094,0.04,0.694,0.172,346
"347",0.046,0.758,0.07,0.126,347
"348",0.074,0.07,0.812,0.044,348
"349",0.058,0.7,0.088,0.154,349
"350",0.028,0.032,0.804,0.136,350
"351",0.676,0.094,0.064,0.166,351
"352",0.11,0.792,0.026,0.072,352
"353",0.052,0.06,0.726,0.162,353
"354",0.682,0.244,0.03,0.044,354
"355",0.114,0.734,0.024,0.128,355
"356",0.07,0.734,0.056,0.14,356
"357",0.028,0.826,0.054,0.092,357
"358",0.044,0.738,0.036,0.182,358
"359",0.04,0.726,0.028,0.206,359
"360",0.136,0.532,0.082,0.25,360
"361",0.746,0.078,0.102,0.074,361
"362",0.098,0.108,0.714,0.08,362
"363",0.148,0.098,0.126,0.628,363
"364",0.73,0.032,0.21,0.028,364
"365",0.08,0.058,0.642,0.22,365
"366",0.174,0.21,0.51,0.106,366
"367",0.162,0.214,0.142,0.482,367
"368",0.154,0.642,0.096,0.108,368
"369",0.07,0.042,0.142,0.746,369
"370",0.226,0.158,0.118,0.498,370
"371",0.06,0.132,0.064,0.744,371
"372",0.192,0.046,0.038,0.724,372
"373",0.056,0.048,0.068,0.828,373
"374",0.446,0.18,0.138,0.236,374
"375",0.244,0.12,0.132,0.504,375
"376",0.064,0.076,0.124,0.736,376
"377",0.038,0.138,0.068,0.756,377
"378",0.876,0.028,0.058,0.038,378
"379",0.056,0.054,0.646,0.244,379
"380",0.066,0.848,0.042,0.044,380
"381",0.7,0.154,0.048,0.098,381
"382",0.058,0.048,0.072,0.822,382
"383",0.11,0.048,0.064,0.778,383
"384",0.04,0.038,0.894,0.028,384
"385",0.356,0.27,0.146,0.228,385
"386",0.036,0.83,0.048,0.086,386
"387",0.812,0.078,0.03,0.08,387
"388",0.734,0.114,0.044,0.108,388
"389",0.12,0.05,0.066,0.764,389
"390",0.046,0.774,0.076,0.104,390
"391",0.068,0.058,0.05,0.824,391
"392",0.094,0.036,0.82,0.05,392
"393",0.074,0.816,0.028,0.082,393
"394",0.116,0.056,0.022,0.806,394
"395",0.218,0.4,0.134,0.248,395
"396",0.06,0.75,0.042,0.148,396
"397",0.068,0.826,0.034,0.072,397
"398",0.112,0.146,0.558,0.184,398
"399",0.7,0.184,0.036,0.08,399
"400",0.036,0.136,0.05,0.778,400
"401",0.22,0.25,0.286,0.244,401
"402",0.174,0.108,0.46,0.258,402
"403",0.07,0.456,0.066,0.408,403
"404",0.07,0.032,0.142,0.756,404
"405",0.038,0.132,0.02,0.81,405
"406",0.038,0.088,0.154,0.72,406
"407",0.264,0.3,0.06,0.376,407
"408",0.024,0.056,0.232,0.688,408
"409",0.064,0.132,0.022,0.782,409
"410",0.102,0.108,0.134,0.656,410
"411",0.07,0.384,0.134,0.412,411
"412",0.04,0.112,0.044,0.804,412
"413",0.056,0.034,0.042,0.868,413
"414",0.15,0.446,0.066,0.338,414
"415",0.156,0.066,0.026,0.752,415
"416",0.696,0.054,0.052,0.198,416
"417",0.028,0.096,0.184,0.692,417
"418",0.064,0.346,0.136,0.454,418
"419",0.488,0.118,0.122,0.272,419
"420",0.832,0.036,0.05,0.082,420
"421",0.148,0.114,0.13,0.608,421
"422",0.1,0.248,0.248,0.404,422
"423",0.764,0.056,0.112,0.068,423
"424",0.19,0.664,0.048,0.098,424
"425",0.016,0.06,0.696,0.228,425
"426",0.092,0.728,0.064,0.116,426
"427",0.232,0.564,0.134,0.07,427
"428",0.03,0.058,0.774,0.138,428
"429",0.496,0.096,0.07,0.338,429
"430",0.022,0.034,0.768,0.176,430
"431",0.064,0.674,0.072,0.19,431
"432",0.056,0.028,0.056,0.86,432
"433",0.066,0.792,0.07,0.072,433
"434",0.288,0.636,0.026,0.05,434
"435",0.662,0.026,0.032,0.28,435
"436",0.868,0.086,0.018,0.028,436
"437",0.034,0.768,0.036,0.162,437
"438",0.37,0.078,0.13,0.422,438
"439",0.124,0.114,0.216,0.546,439
"440",0.294,0.106,0.204,0.396,440
"441",0.048,0.816,0.05,0.086,441
"442",0.17,0.392,0.074,0.364,442
"443",0.154,0.232,0.112,0.502,443
"444",0.03,0.028,0.088,0.854,444
"445",0.244,0.126,0.252,0.378,445
"446",0.04,0.05,0.08,0.83,446
"447",0.114,0.136,0.156,0.594,447
"448",0.03,0.032,0.878,0.06,448
"449",0.694,0.046,0.176,0.084,449
"450",0.102,0.076,0.042,0.78,450
"451",0.07,0.652,0.098,0.18,451
"452",0.742,0.094,0.024,0.14,452
"453",0.07,0.078,0.178,0.674,453
"454",0.038,0.028,0.71,0.224,454
"455",0.478,0.158,0.16,0.204,455
"456",0.096,0.042,0.02,0.842,456
"457",0.142,0.054,0.064,0.74,457
"458",0.032,0.096,0.056,0.816,458
"459",0.15,0.046,0.032,0.772,459
"460",0.04,0.032,0.228,0.7,460
"461",0.3,0.226,0.094,0.38,461
"462",0.09,0.188,0.648,0.074,462
"463",0.056,0.104,0.088,0.752,463
"464",0.052,0.04,0.068,0.84,464
"465",0.72,0.032,0.114,0.134,465
"466",0.036,0.152,0.044,0.768,466
"467",0.036,0.218,0.034,0.712,467
"468",0.08,0.032,0.068,0.82,468
"469",0.046,0.824,0.042,0.088,469
"470",0.034,0.032,0.066,0.868,470
"471",0.074,0.582,0.23,0.114,471
"472",0.064,0.88,0.018,0.038,472
"473",0.88,0.06,0.022,0.038,473
"474",0.058,0.054,0.052,0.836,474
"475",0.032,0.046,0.87,0.052,475
"476",0.08,0.164,0.024,0.732,476
"477",0.032,0.104,0.11,0.754,477
"478",0.34,0.272,0.084,0.304,478
"479",0.076,0.192,0.06,0.672,479
"480",0.07,0.098,0.082,0.75,480
"481",0.028,0.048,0.178,0.746,481
"482",0.044,0.062,0.146,0.748,482
"483",0.044,0.812,0.07,0.074,483
"484",0.086,0.074,0.074,0.766,484
"485",0.112,0.148,0.038,0.702,485
"486",0.056,0.262,0.046,0.636,486
"487",0.04,0.156,0.038,0.766,487
"488",0.246,0.444,0.084,0.226,488
"489",0.202,0.076,0.378,0.344,489
"490",0.092,0.14,0.44,0.328,490
"491",0.058,0.078,0.172,0.692,491
"492",0.378,0.206,0.23,0.186,492
"493",0.088,0.062,0.15,0.7,493
"494",0.782,0.042,0.036,0.14,494
"495",0.304,0.266,0.23,0.2,495
"496",0.06,0.114,0.144,0.682,496
"497",0.088,0.112,0.164,0.636,497
"498",0.164,0.096,0.026,0.714,498
"499",0.158,0.256,0.262,0.324,499
"500",0.098,0.098,0.044,0.76,500
"501",0.098,0.06,0.09,0.752,501
"502",0.114,0.056,0.06,0.77,502
"503",0.124,0.118,0.06,0.698,503
"504",0.042,0.122,0.062,0.774,504
"505",0.098,0.044,0.076,0.782,505
"506",0.198,0.032,0.066,0.704,506
"507",0.096,0.058,0.112,0.734,507
"508",0.172,0.044,0.022,0.762,508
"509",0.03,0.034,0.276,0.66,509
"510",0.044,0.132,0.054,0.77,510
"511",0.154,0.054,0.03,0.762,511
"512",0.052,0.116,0.144,0.688,512
"513",0.074,0.068,0.088,0.77,513
"514",0.056,0.132,0.688,0.124,514
"515",0.206,0.12,0.33,0.344,515
"516",0.708,0.092,0.072,0.128,516
"517",0.044,0.782,0.02,0.154,517
"518",0.096,0.742,0.036,0.126,518
"519",0.052,0.754,0.064,0.13,519
"520",0.054,0.058,0.786,0.102,520
"521",0.034,0.85,0.056,0.06,521
"522",0.034,0.054,0.788,0.124,522
"523",0.096,0.058,0.746,0.1,523
"524",0.778,0.094,0.014,0.114,524
"525",0.03,0.79,0.062,0.118,525
"526",0.038,0.04,0.82,0.102,526
"527",0.056,0.764,0.046,0.134,527
"528",0.056,0.054,0.696,0.194,528
"529",0.058,0.054,0.788,0.1,529
"530",0.714,0.08,0.052,0.154,530
"531",0.06,0.728,0.08,0.132,531
"532",0.702,0.124,0.042,0.132,532
"533",0.136,0.328,0.326,0.21,533
"534",0.056,0.76,0.114,0.07,534
"535",0.17,0.374,0.294,0.162,535
"536",0.046,0.806,0.08,0.068,536
"537",0.104,0.444,0.33,0.122,537
"538",0.086,0.124,0.676,0.114,538
"539",0.138,0.334,0.274,0.254,539
"540",0.67,0.108,0.106,0.116,540
"541",0.374,0.194,0.156,0.276,541
"542",0.05,0.06,0.222,0.668,542
"543",0.104,0.49,0.228,0.178,543
"544",0.336,0.458,0.1,0.106,544
"545",0.448,0.226,0.222,0.104,545
"546",0.056,0.748,0.15,0.046,546
"547",0.336,0.154,0.24,0.27,547
"548",0.042,0.764,0.152,0.042,548
"549",0.066,0.166,0.698,0.07,549
"550",0.272,0.226,0.186,0.316,550
"551",0.7,0.16,0.064,0.076,551
"552",0.104,0.116,0.036,0.744,552
"553",0.094,0.092,0.116,0.698,553
"554",0.172,0.21,0.396,0.222,554
"555",0.172,0.112,0.526,0.19,555
"556",0.03,0.148,0.098,0.724,556
"557",0.042,0.112,0.206,0.64,557
"558",0.128,0.128,0.096,0.648,558
"559",0.026,0.034,0.208,0.732,559
"560",0.104,0.116,0.106,0.674,560
"561",0.034,0.124,0.108,0.734,561
"562",0.116,0.11,0.106,0.668,562
"563",0.104,0.07,0.088,0.738,563
"564",0.024,0.128,0.134,0.714,564
"565",0.094,0.066,0.108,0.732,565
"566",0.364,0.266,0.252,0.118,566
"567",0.104,0.098,0.034,0.764,567
"568",0.15,0.094,0.046,0.71,568
"569",0.244,0.372,0.136,0.248,569
"570",0.108,0.038,0.114,0.74,570
"571",0.792,0.1,0.048,0.06,571
"572",0.116,0.072,0.358,0.454,572
"573",0.026,0.056,0.268,0.65,573
"574",0.148,0.166,0.014,0.672,574
"575",0.074,0.03,0.172,0.724,575
"576",0.138,0.066,0.324,0.472,576
"577",0.202,0.032,0.064,0.702,577
"578",0.8,0.078,0.022,0.1,578
"579",0.098,0.274,0.094,0.534,579
"580",0.41,0.34,0.102,0.148,580
"581",0.038,0.26,0.02,0.682,581
"582",0.048,0.146,0.03,0.776,582
"583",0.054,0.124,0.104,0.718,583
"584",0.046,0.012,0.902,0.04,584
"585",0.04,0.02,0.118,0.822,585
"586",0.082,0.034,0.022,0.862,586
"587",0.698,0.068,0.058,0.176,587
"588",0.032,0.042,0.04,0.886,588
"589",0.106,0.05,0.026,0.818,589
"590",0.068,0.152,0.704,0.076,590
"591",0.178,0.092,0.06,0.67,591
"592",0.09,0.798,0.042,0.07,592
"593",0.38,0.442,0.068,0.11,593
"594",0.71,0.208,0.038,0.044,594
"595",0.742,0.17,0.036,0.052,595
"596",0.732,0.062,0.096,0.11,596
"597",0.048,0.902,0.026,0.024,597
"598",0.662,0.096,0.156,0.086,598
"599",0.662,0.136,0.074,0.128,599
"600",0.054,0.86,0.046,0.04,600
"601",0.764,0.05,0.064,0.122,601
"602",0.888,0.062,0.024,0.026,602
"603",0.042,0.872,0.032,0.054,603
"604",0.682,0.048,0.172,0.098,604
"605",0.136,0.112,0.422,0.33,605
"606",0.07,0.724,0.168,0.038,606
"607",0.042,0.766,0.066,0.126,607
"608",0.066,0.772,0.046,0.116,608
"609",0.24,0.222,0.086,0.452,609
"610",0.064,0.036,0.74,0.16,610
"611",0.058,0.222,0.406,0.314,611
"612",0.67,0.182,0.042,0.106,612
"613",0.188,0.728,0.048,0.036,613
"614",0.02,0.726,0.196,0.058,614
"615",0.092,0.182,0.122,0.604,615
"616",0.166,0.644,0.152,0.038,616
"617",0.064,0.114,0.35,0.472,617
"618",0.138,0.044,0.764,0.054,618
"619",0.156,0.154,0.438,0.252,619
"620",0.07,0.322,0.32,0.288,620
"621",0.664,0.14,0.044,0.152,621
"622",0.034,0.832,0.046,0.088,622
"623",0.672,0.032,0.04,0.256,623
"624",0.662,0.024,0.114,0.2,624
"625",0.07,0.818,0.078,0.034,625
"626",0.03,0.032,0.718,0.22,626
"627",0.11,0.03,0.826,0.034,627
"628",0.778,0.086,0.036,0.1,628
"629",0.1,0.848,0.026,0.026,629
"630",0.208,0.038,0.73,0.024,630
"631",0.11,0.84,0.028,0.022,631
"632",0.032,0.052,0.106,0.81,632
"633",0.048,0.132,0.098,0.722,633
"634",0.072,0.734,0.1,0.094,634
"635",0.09,0.104,0.7,0.106,635
"636",0.882,0.05,0.036,0.032,636
"637",0.1,0.11,0.198,0.592,637
"638",0.016,0.788,0.052,0.144,638
"639",0.084,0.79,0.06,0.066,639
"640",0.07,0.87,0.026,0.034,640
"641",0.054,0.734,0.086,0.126,641
"642",0.02,0.834,0.034,0.112,642
"643",0.05,0.754,0.046,0.15,643
"644",0.034,0.07,0.052,0.844,644
"645",0.108,0.158,0.196,0.538,645
"646",0.074,0.06,0.06,0.806,646
"647",0.248,0.34,0.308,0.104,647
"648",0.144,0.596,0.1,0.16,648
"649",0.124,0.126,0.54,0.21,649
"650",0.14,0.776,0.022,0.062,650
"651",0.338,0.206,0.328,0.128,651
"652",0.708,0.1,0.134,0.058,652
"653",0.034,0.188,0.744,0.034,653
"654",0.742,0.076,0.05,0.132,654
"655",0.182,0.7,0.08,0.038,655
"656",0.506,0.104,0.128,0.262,656
"657",0.05,0.81,0.098,0.042,657
"658",0.062,0.062,0.838,0.038,658
"659",0.074,0.31,0.52,0.096,659
"660",0.836,0.066,0.052,0.046,660
"661",0.304,0.136,0.242,0.318,661
"662",0.096,0.764,0.046,0.094,662
"663",0.77,0.114,0.042,0.074,663
"664",0.82,0.034,0.096,0.05,664
"665",0.118,0.078,0.116,0.688,665
"666",0.176,0.062,0.024,0.738,666
"667",0.054,0.018,0.17,0.758,667
"668",0.04,0.172,0.63,0.158,668
"669",0.118,0.404,0.156,0.322,669
"670",0.028,0.084,0.218,0.67,670
"671",0.112,0.102,0.104,0.682,671
"672",0.032,0.082,0.794,0.092,672
"673",0.712,0.04,0.09,0.158,673
"674",0.092,0.042,0.138,0.728,674
"675",0.082,0.178,0.026,0.714,675
"676",0.166,0.174,0.014,0.646,676
"677",0.09,0.134,0.71,0.066,677
"678",0.178,0.028,0.716,0.078,678
"679",0.116,0.802,0.026,0.056,679
"680",0.348,0.23,0.074,0.348,680
"681",0.062,0.094,0.164,0.68,681
"682",0.138,0.03,0.11,0.722,682
"683",0.074,0.23,0.024,0.672,683
"684",0.188,0.05,0.03,0.732,684
"685",0.16,0.09,0.074,0.676,685
"686",0.06,0.172,0.054,0.714,686
"687",0.254,0.192,0.252,0.302,687
"688",0.052,0.05,0.078,0.82,688
"689",0.24,0.326,0.204,0.23,689
"690",0.696,0.13,0.06,0.114,690
"691",0.068,0.116,0.756,0.06,691
"692",0.182,0.458,0.142,0.218,692
"693",0.14,0.078,0.076,0.706,693
"694",0.088,0.158,0.036,0.718,694
"695",0.122,0.054,0.036,0.788,695
"696",0.278,0.3,0.172,0.25,696
"697",0.062,0.17,0.046,0.722,697
"698",0.238,0.222,0.178,0.362,698
"699",0.098,0.104,0.09,0.708,699
"700",0.068,0.04,0.794,0.098,700
"701",0.066,0.14,0.042,0.752,701
"702",0.202,0.198,0.45,0.15,702
"703",0.086,0.058,0.098,0.758,703
"704",0.234,0.288,0.296,0.182,704
"705",0.124,0.7,0.06,0.116,705
"706",0.268,0.36,0.118,0.254,706
"707",0.224,0.164,0.332,0.28,707
"708",0.72,0.152,0.088,0.04,708
"709",0.058,0.738,0.096,0.108,709
"710",0.06,0.756,0.08,0.104,710
"711",0.758,0.118,0.054,0.07,711
"712",0.082,0.152,0.704,0.062,712
"713",0.184,0.224,0.152,0.44,713
"714",0.072,0.756,0.056,0.116,714
"715",0.046,0.08,0.79,0.084,715
"716",0.048,0.71,0.1,0.142,716
"717",0.658,0.07,0.094,0.178,717
"718",0.042,0.072,0.74,0.146,718
"719",0.782,0.074,0.056,0.088,719
"720",0.096,0.06,0.708,0.136,720
"721",0.46,0.164,0.226,0.15,721
"722",0.04,0.058,0.764,0.138,722
"723",0.032,0.09,0.024,0.854,723
"724",0.122,0.644,0.072,0.162,724
"725",0.04,0.098,0.054,0.808,725
"726",0.174,0.026,0.102,0.698,726
"727",0.884,0.03,0.032,0.054,727
"728",0.064,0.068,0.034,0.834,728
"729",0.044,0.216,0.036,0.704,729
"730",0.076,0.06,0.344,0.52,730
"731",0.126,0.048,0.132,0.694,731
"732",0.038,0.084,0.822,0.056,732
"733",0.036,0.04,0.082,0.842,733
"734",0.036,0.072,0.054,0.838,734
"735",0.148,0.034,0.598,0.22,735
"736",0.172,0.164,0.154,0.51,736
"737",0.08,0.112,0.294,0.514,737
"738",0.152,0.084,0.048,0.716,738
"739",0.022,0.232,0.038,0.708,739
"740",0.024,0.738,0.052,0.186,740
"741",0.24,0.034,0.68,0.046,741
"742",0.006,0.028,0.79,0.176,742
"743",0.068,0.024,0.752,0.156,743
"744",0.012,0.814,0.036,0.138,744
"745",0.096,0.106,0.554,0.244,745
"746",0.054,0.038,0.032,0.876,746
"747",0.026,0.066,0.052,0.856,747
"748",0.802,0.038,0.018,0.142,748
"749",0.864,0.044,0.028,0.064,749
"750",0.03,0.04,0.888,0.042,750
"751",0.066,0.04,0.054,0.84,751
"752",0.032,0.78,0.048,0.14,752
"753",0.112,0.188,0.092,0.608,753
"754",0.07,0.034,0.042,0.854,754
"755",0.702,0.036,0.048,0.214,755
"756",0.044,0.038,0.13,0.788,756
"757",0.702,0.06,0.042,0.196,757
"758",0.08,0.204,0.182,0.534,758
"759",0.642,0.068,0.122,0.168,759
"760",0.038,0.034,0.094,0.834,760
"761",0.66,0.262,0.032,0.046,761
"762",0.65,0.196,0.028,0.126,762
"763",0.14,0.674,0.036,0.15,763
"764",0.684,0.116,0.088,0.112,764
"765",0.734,0.088,0.046,0.132,765
"766",0.864,0.032,0.04,0.064,766
"767",0.028,0.17,0.722,0.08,767
"768",0.052,0.776,0.034,0.138,768
"769",0.092,0.04,0.716,0.152,769
"770",0.126,0.164,0.138,0.572,770
"771",0.69,0.022,0.078,0.21,771
"772",0.24,0.132,0.09,0.538,772
"773",0.756,0.034,0.038,0.172,773
"774",0.044,0.03,0.882,0.044,774
"775",0.04,0.028,0.744,0.188,775
"776",0.174,0.15,0.102,0.574,776
"777",0.022,0.038,0.886,0.054,777
"778",0.072,0.042,0.034,0.852,778
"779",0.124,0.07,0.64,0.166,779
"780",0.828,0.06,0.04,0.072,780
"781",0.048,0.112,0.774,0.066,781
"782",0.048,0.034,0.178,0.74,782
"783",0.67,0.066,0.07,0.194,783
"784",0.216,0.388,0.196,0.2,784
"785",0.052,0.05,0.774,0.124,785
"786",0.046,0.81,0.064,0.08,786
"787",0.092,0.054,0.744,0.11,787
"788",0.686,0.108,0.064,0.142,788
"789",0.06,0.08,0.808,0.052,789
"790",0.764,0.062,0.068,0.106,790
"791",0.12,0.76,0.042,0.078,791
"792",0.702,0.068,0.15,0.08,792
"793",0.812,0.082,0.04,0.066,793
"794",0.788,0.056,0.058,0.098,794
"795",0.722,0.056,0.11,0.112,795
"796",0.07,0.832,0.03,0.068,796
"797",0.038,0.072,0.718,0.172,797
"798",0.828,0.052,0.044,0.076,798
"799",0.03,0.03,0.838,0.102,799
"800",0.786,0.028,0.088,0.098,800
"801",0.02,0.022,0.062,0.896,801
"802",0.186,0.082,0.082,0.65,802
"803",0.096,0.184,0.334,0.386,803
"804",0.792,0.034,0.03,0.144,804
"805",0.806,0.032,0.028,0.134,805
"806",0.092,0.404,0.258,0.246,806
"807",0.024,0.208,0.662,0.106,807
"808",0.088,0.26,0.096,0.556,808
"809",0.086,0.376,0.158,0.38,809
"810",0.822,0.032,0.038,0.108,810
"811",0.04,0.16,0.756,0.044,811
"812",0.034,0.046,0.732,0.188,812
"813",0.166,0.71,0.016,0.108,813
"814",0.03,0.082,0.694,0.194,814
"815",0.05,0.85,0.044,0.056,815
"816",0.7,0.062,0.022,0.216,816
"817",0.046,0.084,0.038,0.832,817
"818",0.784,0.044,0.046,0.126,818
"819",0.838,0.044,0.028,0.09,819
"820",0.048,0.814,0.08,0.058,820
"821",0.028,0.766,0.034,0.172,821
"822",0.03,0.768,0.048,0.154,822
"823",0.03,0.068,0.724,0.178,823
"824",0.772,0.022,0.044,0.162,824
"825",0.294,0.214,0.098,0.394,825
"826",0.644,0.052,0.044,0.26,826
"827",0.808,0.032,0.05,0.11,827
"828",0.104,0.118,0.12,0.658,828
"829",0.77,0.024,0.094,0.112,829
"830",0.036,0.862,0.034,0.068,830
"831",0.048,0.022,0.048,0.882,831
"832",0.064,0.744,0.044,0.148,832
"833",0.044,0.034,0.796,0.126,833
"834",0.852,0.032,0.046,0.07,834
"835",0.042,0.816,0.092,0.05,835
"836",0.04,0.014,0.86,0.086,836
"837",0.1,0.824,0.024,0.052,837
"838",0.046,0.078,0.824,0.052,838
"839",0.896,0.03,0.024,0.05,839
"840",0.102,0.49,0.188,0.22,840
"841",0.034,0.204,0.098,0.664,841
"842",0.812,0.032,0.056,0.1,842
"843",0.046,0.058,0.166,0.73,843
"844",0.85,0.034,0.042,0.074,844
"845",0.028,0.046,0.826,0.1,845
"846",0.04,0.054,0.738,0.168,846
"847",0.028,0.842,0.024,0.106,847
"848",0.022,0.302,0.024,0.652,848
"849",0.66,0.036,0.25,0.054,849
"850",0.69,0.048,0.046,0.216,850
"851",0.754,0.072,0.09,0.084,851
"852",0.164,0.728,0.068,0.04,852
"853",0.032,0.9,0.026,0.042,853
"854",0.672,0.026,0.236,0.066,854
"855",0.026,0.02,0.85,0.104,855
"856",0.032,0.14,0.014,0.814,856
"857",0.834,0.084,0.05,0.032,857
"858",0.074,0.766,0.052,0.108,858
"859",0.096,0.38,0.336,0.188,859
"860",0.138,0.31,0.376,0.176,860
"861",0.022,0.174,0.02,0.784,861
"862",0.048,0.19,0.022,0.74,862
"863",0.404,0.072,0.32,0.204,863
"864",0.1,0.036,0.12,0.744,864
"865",0.024,0.206,0.03,0.74,865
"866",0.026,0.222,0.028,0.724,866
"867",0.108,0.144,0.034,0.714,867
"868",0.578,0.068,0.134,0.22,868
"869",0.118,0.04,0.048,0.794,869
"870",0.018,0.186,0.028,0.768,870
"871",0.072,0.034,0.798,0.096,871
"872",0.088,0.032,0.832,0.048,872
"873",0.018,0.196,0.02,0.766,873
"874",0.014,0.114,0.104,0.768,874
"875",0.078,0.77,0.092,0.06,875
"876",0.044,0.056,0.86,0.04,876
"877",0.046,0.782,0.088,0.084,877
"878",0.824,0.074,0.052,0.05,878
"879",0.032,0.102,0.804,0.062,879
"880",0.374,0.13,0.16,0.336,880
"881",0.194,0.104,0.334,0.368,881
"882",0.15,0.134,0.542,0.174,882
"883",0.81,0.05,0.126,0.014,883
"884",0.076,0.044,0.134,0.746,884
"885",0.826,0.06,0.062,0.052,885
"886",0.068,0.776,0.076,0.08,886
"887",0.062,0.052,0.082,0.804,887
"888",0.786,0.066,0.052,0.096,888
"889",0.058,0.186,0.7,0.056,889
"890",0.172,0.06,0.718,0.05,890
"891",0.862,0.06,0.038,0.04,891
"892",0.028,0.068,0.114,0.79,892
"893",0.04,0.09,0.064,0.806,893
"894",0.706,0.072,0.14,0.082,894
"895",0.078,0.176,0.366,0.38,895
"896",0.084,0.172,0.046,0.698,896
"897",0.03,0.238,0.706,0.026,897
"898",0.146,0.09,0.112,0.652,898
"899",0.092,0.216,0.034,0.658,899
"900",0.094,0.084,0.054,0.768,900
"901",0.028,0.702,0.028,0.242,901
"902",0.1,0.03,0.19,0.68,902
"903",0.082,0.064,0.444,0.41,903
"904",0.454,0.224,0.078,0.244,904
"905",0.034,0.056,0.074,0.836,905
"906",0.17,0.026,0.024,0.78,906
"907",0.47,0.084,0.1,0.346,907
"908",0.028,0.804,0.03,0.138,908
"909",0.526,0.09,0.082,0.302,909
"910",0.146,0.052,0.026,0.776,910
"911",0.036,0.032,0.056,0.876,911
"912",0.748,0.094,0.05,0.108,912
"913",0.762,0.034,0.08,0.124,913
"914",0.03,0.036,0.724,0.21,914
"915",0.79,0.044,0.07,0.096,915
"916",0.412,0.166,0.114,0.308,916
"917",0.684,0.074,0.094,0.148,917
"918",0.72,0.058,0.046,0.176,918
"919",0.124,0.35,0.184,0.342,919
"920",0.066,0.082,0.72,0.132,920
"921",0.064,0.704,0.102,0.13,921
"922",0.122,0.032,0.65,0.196,922
"923",0.072,0.06,0.69,0.178,923
"924",0.386,0.124,0.148,0.342,924
"925",0.2,0.248,0.19,0.362,925
"926",0.204,0.424,0.098,0.274,926
"927",0.038,0.766,0.046,0.15,927
"928",0.026,0.888,0.038,0.048,928
"929",0.038,0.728,0.056,0.178,929
"930",0.044,0.764,0.066,0.126,930
"931",0.75,0.054,0.068,0.128,931
"932",0.124,0.132,0.694,0.05,932
"933",0.038,0.042,0.71,0.21,933
"934",0.654,0.2,0.114,0.032,934
"935",0.032,0.1,0.732,0.136,935
"936",0.346,0.108,0.254,0.292,936
"937",0.028,0.716,0.134,0.122,937
"938",0.74,0.032,0.042,0.186,938
"939",0.776,0.076,0.118,0.03,939
"940",0.24,0.662,0.03,0.068,940
"941",0.022,0.116,0.776,0.086,941
"942",0.154,0.296,0.158,0.392,942
"943",0.11,0.55,0.098,0.242,943
"944",0.032,0.764,0.096,0.108,944
"945",0.726,0.044,0.076,0.154,945
"946",0.066,0.036,0.688,0.21,946
"947",0.036,0.832,0.036,0.096,947
"948",0.704,0.072,0.05,0.174,948
"949",0.134,0.186,0.234,0.446,949
"950",0.744,0.068,0.032,0.156,950
"951",0.154,0.046,0.136,0.664,951
"952",0.038,0.556,0.276,0.13,952
"953",0.078,0.02,0.14,0.762,953
"954",0.128,0.096,0.018,0.758,954
"955",0.116,0.032,0.818,0.034,955
"956",0.878,0.02,0.02,0.082,956
"957",0.084,0.126,0.022,0.768,957
"958",0.794,0.134,0.01,0.062,958
"959",0.118,0.036,0.026,0.82,959
"960",0.06,0.13,0.07,0.74,960
"961",0.028,0.114,0.726,0.132,961
"962",0.192,0.01,0.042,0.756,962
"963",0.772,0.016,0.136,0.076,963
"964",0.022,0.84,0.026,0.112,964
"965",0.044,0.12,0.052,0.784,965
"966",0.124,0.022,0.114,0.74,966
"967",0.08,0.068,0.032,0.82,967
"968",0.052,0.174,0.018,0.756,968
"969",0.05,0.094,0.022,0.834,969
"970",0.718,0.144,0.032,0.106,970
"971",0.042,0.086,0.776,0.096,971
"972",0.078,0.276,0.2,0.446,972
"973",0.342,0.24,0.104,0.314,973
"974",0.056,0.09,0.7,0.154,974
"975",0.038,0.078,0.722,0.162,975
"976",0.794,0.054,0.086,0.066,976
"977",0.078,0.032,0.056,0.834,977
"978",0.138,0.074,0.33,0.458,978
"979",0.226,0.086,0.14,0.548,979
"980",0.138,0.226,0.178,0.458,980
"981",0.058,0.806,0.04,0.096,981
"982",0.764,0.024,0.032,0.18,982
"983",0.038,0.04,0.074,0.848,983
"984",0.096,0.396,0.098,0.41,984
"985",0.188,0.264,0.096,0.452,985
"986",0.138,0.046,0.748,0.068,986
"987",0.042,0.782,0.074,0.102,987
"988",0.09,0.08,0.37,0.46,988
"989",0.04,0.032,0.046,0.882,989
"990",0.05,0.04,0.702,0.208,990
"991",0.034,0.14,0.77,0.056,991
"992",0.032,0.15,0.094,0.724,992
"993",0.092,0.204,0.392,0.312,993
"994",0.14,0.652,0.134,0.074,994
"995",0.128,0.1,0.074,0.698,995
"996",0.03,0.07,0.744,0.156,996
"997",0.03,0.164,0.67,0.136,997
"998",0.036,0.792,0.04,0.132,998
"999",0.038,0.046,0.676,0.24,999
"1000",0.768,0.046,0.088,0.098,1000
"1001",0.46,0.098,0.088,0.354,1001
"1002",0.826,0.058,0.044,0.072,1002
"1003",0.034,0.176,0.06,0.73,1003
"1004",0.056,0.044,0.784,0.116,1004
"1005",0.176,0.026,0.064,0.734,1005
"1006",0.072,0.848,0.04,0.04,1006
"1007",0.026,0.058,0.08,0.836,1007
"1008",0.696,0.02,0.11,0.174,1008
"1009",0.482,0.142,0.102,0.274,1009
"1010",0.04,0.048,0.048,0.864,1010
"1011",0.87,0.028,0.018,0.084,1011
"1012",0.036,0.152,0.046,0.766,1012
"1013",0.09,0.172,0.23,0.508,1013
"1014",0.378,0.08,0.134,0.408,1014
"1015",0.126,0.332,0.158,0.384,1015
"1016",0.058,0.012,0.184,0.746,1016
"1017",0.056,0.03,0.768,0.146,1017
"1018",0.164,0.03,0.048,0.758,1018
"1019",0.084,0.81,0.062,0.044,1019
"1020",0.104,0.156,0.59,0.15,1020
"1021",0.034,0.774,0.062,0.13,1021
"1022",0.354,0.148,0.122,0.376,1022
"1023",0.67,0.126,0.08,0.124,1023
"1024",0.05,0.876,0.014,0.06,1024
"1025",0.042,0.032,0.098,0.828,1025
"1026",0.054,0.092,0.31,0.544,1026
"1027",0.044,0.038,0.122,0.796,1027
"1028",0.042,0.028,0.194,0.736,1028
"1029",0.096,0.47,0.126,0.308,1029
"1030",0.158,0.444,0.186,0.212,1030
"1031",0.06,0.046,0.122,0.772,1031
"1032",0.124,0.048,0.06,0.768,1032
"1033",0.762,0.034,0.086,0.118,1033
"1034",0.226,0.05,0.034,0.69,1034
"1035",0.032,0.152,0.75,0.066,1035
"1036",0.05,0.11,0.04,0.8,1036
"1037",0.036,0.038,0.832,0.094,1037
"1038",0.606,0.124,0.08,0.19,1038
"1039",0.024,0.164,0.174,0.638,1039
"1040",0.076,0.128,0.042,0.754,1040
"1041",0.2,0.048,0.058,0.694,1041
"1042",0.032,0.038,0.232,0.698,1042
"1043",0.038,0.052,0.082,0.828,1043
"1044",0.762,0.056,0.048,0.134,1044
"1045",0.106,0.054,0.662,0.178,1045
"1046",0.316,0.416,0.134,0.134,1046
"1047",0.338,0.35,0.112,0.2,1047
"1048",0.142,0.18,0.24,0.438,1048
"1049",0.04,0.058,0.784,0.118,1049
"1050",0.366,0.306,0.114,0.214,1050
"1051",0.048,0.794,0.048,0.11,1051
"1052",0.048,0.038,0.164,0.75,1052
"1053",0.048,0.126,0.052,0.774,1053
"1054",0.068,0.052,0.788,0.092,1054
"1055",0.032,0.046,0.842,0.08,1055
"1056",0.056,0.058,0.084,0.802,1056
"1057",0.052,0.108,0.732,0.108,1057
"1058",0.744,0.054,0.128,0.074,1058
"1059",0.054,0.09,0.04,0.816,1059
"1060",0.08,0.048,0.798,0.074,1060
"1061",0.066,0.056,0.086,0.792,1061
"1062",0.058,0.798,0.078,0.066,1062
"1063",0.122,0.186,0.266,0.426,1063
"1064",0.8,0.058,0.04,0.102,1064
"1065",0.166,0.102,0.032,0.7,1065
"1066",0.082,0.354,0.222,0.342,1066
"1067",0.138,0.144,0.13,0.588,1067
"1068",0.032,0.032,0.224,0.712,1068
"1069",0.042,0.06,0.028,0.87,1069
"1070",0.064,0.048,0.08,0.808,1070
"1071",0.216,0.032,0.034,0.718,1071
"1072",0.104,0.534,0.148,0.214,1072
"1073",0.112,0.026,0.086,0.776,1073
"1074",0.048,0.21,0.088,0.654,1074
"1075",0.068,0.078,0.03,0.824,1075
"1076",0.73,0.214,0.046,0.01,1076
"1077",0.156,0.074,0.078,0.692,1077
"1078",0.72,0.05,0.08,0.15,1078
"1079",0.214,0.026,0.02,0.74,1079
"1080",0.034,0.12,0.034,0.812,1080
"1081",0.212,0.728,0.02,0.04,1081
"1082",0.036,0.816,0.092,0.056,1082
"1083",0.074,0.094,0.026,0.806,1083
"1084",0.066,0.104,0.674,0.156,1084
"1085",0.066,0.128,0.696,0.11,1085
"1086",0.054,0.118,0.784,0.044,1086
"1087",0.33,0.258,0.23,0.182,1087
"1088",0.106,0.37,0.318,0.206,1088
"1089",0.692,0.188,0.082,0.038,1089
"1090",0.044,0.786,0.112,0.058,1090
"1091",0.126,0.792,0.048,0.034,1091
"1092",0.052,0.136,0.746,0.066,1092
"1093",0.164,0.746,0.05,0.04,1093
"1094",0.056,0.098,0.796,0.05,1094
"1095",0.056,0.236,0.684,0.024,1095
"1096",0.056,0.768,0.096,0.08,1096
"1097",0.15,0.112,0.688,0.05,1097
"1098",0.122,0.068,0.65,0.16,1098
"1099",0.688,0.13,0.136,0.046,1099
"1100",0.178,0.578,0.134,0.11,1100
"1101",0.05,0.758,0.082,0.11,1101
"1102",0.672,0.118,0.188,0.022,1102
"1103",0.202,0.662,0.028,0.108,1103
"1104",0.102,0.544,0.116,0.238,1104
"1105",0.024,0.822,0.048,0.106,1105
"1106",0.824,0.068,0.024,0.084,1106
"1107",0.122,0.046,0.704,0.128,1107
"1108",0.066,0.218,0.006,0.71,1108
"1109",0.108,0.234,0.402,0.256,1109
"1110",0.012,0.04,0.886,0.062,1110
"1111",0.036,0.802,0.044,0.118,1111
"1112",0.05,0.74,0.048,0.162,1112
"1113",0.024,0.208,0.668,0.1,1113
"1114",0.272,0.088,0.432,0.208,1114
"1115",0.076,0.038,0.052,0.834,1115
"1116",0.82,0.036,0.09,0.054,1116
"1117",0.756,0.116,0.026,0.102,1117
"1118",0.118,0.036,0.032,0.814,1118
"1119",0.068,0.052,0.744,0.136,1119
"1120",0.176,0.674,0.102,0.048,1120
"1121",0.686,0.024,0.086,0.204,1121
"1122",0.038,0.056,0.802,0.104,1122
"1123",0.144,0.034,0.714,0.108,1123
"1124",0.026,0.784,0.126,0.064,1124
"1125",0.058,0.784,0.046,0.112,1125
"1126",0.022,0.786,0.052,0.14,1126
"1127",0.04,0.8,0.064,0.096,1127
"1128",0.026,0.728,0.174,0.072,1128
"1129",0.022,0.03,0.872,0.076,1129
"1130",0.078,0.684,0.086,0.152,1130
"1131",0.028,0.036,0.842,0.094,1131
"1132",0.084,0.806,0.03,0.08,1132
"1133",0.092,0.798,0.034,0.076,1133
"1134",0.736,0.072,0.072,0.12,1134
"1135",0.04,0.068,0.782,0.11,1135
"1136",0.84,0.04,0.068,0.052,1136
"1137",0.526,0.114,0.148,0.212,1137
"1138",0.048,0.734,0.056,0.162,1138
"1139",0.696,0.08,0.064,0.16,1139
"1140",0.026,0.916,0.016,0.042,1140
"1141",0.68,0.094,0.144,0.082,1141
"1142",0.7,0.106,0.036,0.158,1142
"1143",0.432,0.126,0.078,0.364,1143
"1144",0.116,0.26,0.252,0.372,1144
"1145",0.202,0.67,0.042,0.086,1145
"1146",0.398,0.096,0.084,0.422,1146
"1147",0.04,0.034,0.776,0.15,1147
"1148",0.722,0.054,0.07,0.154,1148
"1149",0.734,0.05,0.134,0.082,1149
"1150",0.784,0.044,0.098,0.074,1150
"1151",0.33,0.166,0.08,0.424,1151
"1152",0.658,0.04,0.184,0.118,1152
"1153",0.22,0.114,0.22,0.446,1153
"1154",0.748,0.074,0.044,0.134,1154
"1155",0.04,0.748,0.048,0.164,1155
"1156",0.066,0.098,0.692,0.144,1156
"1157",0.044,0.136,0.668,0.152,1157
"1158",0.29,0.456,0.084,0.17,1158
"1159",0.03,0.11,0.754,0.106,1159
"1160",0.032,0.724,0.014,0.23,1160
"1161",0.1,0.2,0.144,0.556,1161
"1162",0.02,0.022,0.668,0.29,1162
"1163",0.206,0.126,0.104,0.564,1163
"1164",0.196,0.35,0.066,0.388,1164
"1165",0.07,0.076,0.166,0.688,1165
"1166",0.04,0.082,0.028,0.85,1166
"1167",0.722,0.052,0.03,0.196,1167
"1168",0.044,0.118,0.018,0.82,1168
"1169",0.038,0.67,0.094,0.198,1169
"1170",0.094,0.76,0.026,0.12,1170
"1171",0.61,0.164,0.176,0.05,1171
"1172",0.026,0.022,0.072,0.88,1172
"1173",0.02,0.07,0.02,0.89,1173
"1174",0.696,0.034,0.02,0.25,1174
"1175",0.066,0.11,0.024,0.8,1175
"1176",0.014,0.02,0.126,0.84,1176
"1177",0.024,0.09,0.036,0.85,1177
"1178",0.04,0.308,0.016,0.636,1178
"1179",0.108,0.144,0.032,0.716,1179
"1180",0.07,0.066,0.176,0.688,1180
"1181",0.164,0.038,0.686,0.112,1181
"1182",0.096,0.146,0.058,0.7,1182
"1183",0.858,0.034,0.058,0.05,1183
"1184",0.462,0.146,0.168,0.224,1184
"1185",0.724,0.086,0.082,0.108,1185
"1186",0.04,0.056,0.142,0.762,1186
"1187",0.198,0.046,0.702,0.054,1187
"1188",0.166,0.062,0.064,0.708,1188
"1189",0.032,0.188,0.058,0.722,1189
"1190",0.71,0.078,0.158,0.054,1190
"1191",0.66,0.122,0.082,0.136,1191
"1192",0.74,0.076,0.042,0.142,1192
"1193",0.806,0.058,0.052,0.084,1193
"1194",0.05,0.16,0.044,0.746,1194
"1195",0.046,0.172,0.046,0.736,1195
"1196",0.812,0.074,0.038,0.076,1196
"1197",0.08,0.812,0.062,0.046,1197
"1198",0.166,0.054,0.726,0.054,1198
"1199",0.21,0.028,0.726,0.036,1199
"1200",0.78,0.07,0.046,0.104,1200
"1201",0.07,0.678,0.188,0.064,1201
