No,Ch1,Ch2,Ch3,Ch4
21566,0.196369067,0.14082098,0.408630221,0.254179732
21567,0.051818279,0.395828434,0.369767497,0.18258579
21568,0.298584297,0.449176944,0.114904006,0.137334754
21569,0.489322128,0.111297716,0.23429567,0.165084486
21570,0.154569699,0.235989246,0.533693382,0.075747673
21571,0.074545432,0.728177633,0.120164558,0.077112377
21572,0.180161028,0.101043958,0.53158334,0.187211673
21573,0.132100122,0.174131178,0.239724761,0.454043939
21574,0.185970754,0.333882137,0.367046803,0.113100306
21575,0.068337427,0.116942559,0.64789719,0.166822825
21576,0.226002751,0.166205437,0.353440632,0.254351181
21577,0.288747583,0.119772974,0.515147445,0.076331997
21578,0.423273566,0.207270119,0.204689195,0.16476712
21579,0.097803824,0.223653063,0.231735283,0.44680783
21580,0.063571711,0.553297371,0.237907102,0.145223816
21581,0.428383893,0.118905299,0.206106432,0.246604377
21582,0.097351024,0.160406084,0.482708807,0.259534086
21583,0.122853241,0.199864832,0.312577877,0.364704051
21584,0.195319168,0.33681596,0.123615002,0.344249869
21585,0.310543938,0.168207949,0.148194571,0.373053542
21586,0.161816547,0.424346535,0.226682825,0.187154093
21587,0.047775036,0.510272274,0.208148411,0.233804279
21588,0.069939489,0.086824813,0.527186841,0.316048858
21589,0.144677452,0.08080748,0.545506611,0.229008456
21590,0.062251101,0.156558692,0.508802493,0.272387715
21591,0.058199639,0.229634478,0.399038225,0.313127658
21592,0.097068738,0.225293507,0.083379547,0.594258208
21593,0.579625574,0.16544698,0.129512741,0.125414705
21594,0.147281015,0.137756049,0.1846306,0.530332336
21595,0.312882823,0.121839104,0.094648395,0.470629678
21596,0.136045962,0.631783137,0.110105523,0.122065378
21597,0.322058957,0.199762326,0.0952582,0.382920517
21598,0.10990572,0.324829648,0.344825725,0.220438907
21599,0.204305362,0.386310454,0.283886591,0.125497593
21600,0.09087157,0.192859321,0.070359883,0.645909227
21601,0.082123668,0.187780521,0.207259217,0.522836593
21602,0.045525762,0.449141553,0.362068727,0.143263959
21603,0.380387996,0.065036431,0.153021712,0.401553861
21604,0.058626377,0.263687144,0.354524667,0.323161812
21605,0.157840774,0.056797327,0.614114162,0.171247737
21606,0.191217263,0.043816375,0.398765033,0.366201329
21607,0.549657157,0.069838453,0.076075993,0.304428397
21608,0.217960995,0.434049996,0.04541161,0.3025774
21609,0.073813125,0.06698836,0.511155493,0.348043022
21610,0.322136401,0.362441837,0.049016354,0.266405407
21611,0.088881662,0.064977987,0.501215099,0.344925251
21612,0.463225579,0.13275889,0.316429151,0.08758638
21613,0.057487453,0.233025495,0.28572471,0.423762341
21614,0.11469337,0.451121694,0.254069158,0.180115777
21615,0.233014599,0.382313372,0.050666362,0.334005667
21616,0.163782896,0.036932232,0.635293779,0.163991092
21617,0.227669353,0.292478098,0.257577182,0.222275367
21618,0.237409549,0.095451414,0.245596119,0.421542917
21619,0.213662509,0.169852372,0.079221616,0.537263503
21620,0.086753338,0.731379236,0.054856952,0.127010474
21621,0.195836896,0.321534866,0.155882659,0.326745579
21622,0.148065375,0.224398834,0.129055644,0.498480148
21623,0.45197973,0.281214595,0.111386838,0.155418836
21624,0.504919677,0.234112856,0.110028195,0.150939272
21625,0.111739228,0.180941369,0.461250782,0.24606862
21626,0.483722782,0.183668677,0.179078258,0.153530283
21627,0.11669766,0.236383317,0.420546391,0.226372632
21628,0.155302167,0.568140976,0.179220457,0.0973364
21629,0.500967949,0.192403019,0.122175879,0.184453153
21630,0.188434908,0.272936666,0.159563087,0.379065338
21631,0.159940059,0.126612994,0.638468351,0.074978596
21632,0.103050159,0.203322748,0.447949644,0.245677449
21633,0.187205699,0.372470161,0.164727263,0.275596877
21634,0.139130214,0.647956945,0.124489275,0.088423567
21635,0.066870921,0.607624422,0.243390248,0.082114409
21636,0.617765827,0.144211719,0.093854054,0.1441684
21637,0.471724555,0.297280495,0.10246058,0.12853437
21638,0.081657525,0.405030684,0.417339962,0.09597183
21639,0.247776899,0.472283457,0.133788186,0.146151459
21640,0.548323392,0.270056831,0.092209853,0.089409924
21641,0.223088112,0.226151906,0.452155839,0.098604143
21642,0.468577407,0.213532386,0.168001356,0.149888851
21643,0.070487845,0.244067159,0.497757321,0.187687675
21644,0.300996022,0.220428875,0.212005145,0.266569958
21645,0.10492656,0.578457322,0.1747529,0.141863219
21646,0.183781148,0.260725927,0.442351456,0.113141468
21647,0.190624933,0.202051913,0.433178366,0.174144788
21648,0.348728376,0.12964408,0.34874744,0.172880104
21649,0.47889048,0.119561038,0.325897038,0.075651444
21650,0.185350346,0.318827527,0.311337602,0.184484524
21651,0.459343146,0.100137674,0.218259065,0.222260116
21652,0.111312304,0.12127549,0.34361746,0.423794746
21653,0.585204051,0.194294403,0.129550064,0.090951483
21654,0.629621918,0.126123422,0.163289024,0.080965636
21655,0.36146668,0.061912194,0.496940253,0.079680873
21656,0.454200866,0.14829253,0.228227354,0.16927925
21657,0.540618883,0.119556899,0.182991752,0.156832466
21658,0.508750325,0.116350522,0.219492353,0.1554068
21659,0.604262154,0.124635857,0.113901765,0.157200224
21660,0.132344264,0.117326244,0.332000077,0.418329415
21661,0.170345483,0.231870027,0.221119345,0.376665145
21662,0.075222557,0.589187853,0.086788456,0.248801135
21663,0.118146983,0.123119873,0.642109677,0.116623467
21664,0.080061408,0.30972519,0.23807088,0.372142522
21665,0.387593407,0.207482942,0.155812788,0.249110863
21666,0.09052277,0.37133406,0.271163343,0.266979827
21667,0.048381422,0.464271323,0.267388248,0.219959007
21668,0.313916079,0.295092159,0.181678644,0.209313118
21669,0.267504377,0.263960387,0.104143296,0.36439194
21670,0.140192806,0.486815669,0.106388339,0.266603186
21671,0.07468028,0.431641627,0.433367546,0.060310548
21672,0.066924603,0.228107922,0.474601846,0.230365629
21673,0.45699124,0.193195782,0.075577088,0.274235889
21674,0.335877136,0.132792898,0.273403356,0.25792661
21675,0.308132312,0.192516018,0.14177015,0.35758152
21676,0.086943719,0.674842044,0.136310297,0.10190394
21677,0.531524147,0.091722261,0.245402419,0.131351172
21678,0.145231522,0.503301229,0.279247095,0.072220154
21679,0.195922714,0.488050722,0.08882079,0.227205773
21680,0.315355523,0.13494245,0.442036266,0.107665761
21681,0.231310168,0.124986085,0.211176635,0.432527111
21682,0.369967299,0.267421666,0.095966442,0.266644594
21683,0.312999015,0.083089599,0.30025347,0.303657916
21684,0.368736296,0.092373485,0.23268345,0.306206769
21685,0.117480056,0.333250845,0.119401046,0.429868054
21686,0.109120444,0.477463709,0.182367869,0.231047979
21687,0.174727859,0.104544657,0.450018061,0.270709424
21688,0.254105426,0.159177199,0.126222595,0.46049478
21689,0.171935952,0.66386417,0.069478817,0.094721061
21690,0.674159327,0.192446385,0.047338558,0.08605573
21691,0.125207543,0.586412849,0.121582299,0.166797309
21692,0.044128574,0.338924899,0.53213773,0.084808798
21693,0.094841869,0.660863051,0.062432135,0.181862945
21694,0.12215,0.317857204,0.193199277,0.366793519
21695,0.410854256,0.332275691,0.164700983,0.09216907
21696,0.53218249,0.216402727,0.073639502,0.177775281
21697,0.475495193,0.204197903,0.190910612,0.129396291
21698,0.168352946,0.070782448,0.687674473,0.073190133
21699,0.214099618,0.62939416,0.033790174,0.122716049
21700,0.332191131,0.269894153,0.172015659,0.225899056
21701,0.504388757,0.161416032,0.095789601,0.23840561
21702,0.069217174,0.543841899,0.15599853,0.230942397
21703,0.121195113,0.378434808,0.089596465,0.410773614
21704,0.125623836,0.233334681,0.395504217,0.245537266
21705,0.173630652,0.057913678,0.410253467,0.358202202
21706,0.136772045,0.43244903,0.085150246,0.34562868
21707,0.109979108,0.465723371,0.168305454,0.255992067
21708,0.063589058,0.501358137,0.19259363,0.242459175
21709,0.332445597,0.204191748,0.0550209,0.408341755
21710,0.413100626,0.086974853,0.071968587,0.427955934
21711,0.049813448,0.47431621,0.178796601,0.297073741
21712,0.096611099,0.397626288,0.056861899,0.448900714
21713,0.568278462,0.140381088,0.147737259,0.143603191
21714,0.075519977,0.659347731,0.069319779,0.195812513
21715,0.551753124,0.168842823,0.152552706,0.126851347
21716,0.134704928,0.187558022,0.243977618,0.433759433
21717,0.220569501,0.047361436,0.451381835,0.280687228
21718,0.296946736,0.420845304,0.055380639,0.226827322
21719,0.230079027,0.11644538,0.151389347,0.502086247
21720,0.45282133,0.172653907,0.061355868,0.313168896
21721,0.145077755,0.202438073,0.445479788,0.207004384
21722,0.633157008,0.142978937,0.071093945,0.15277011
21723,0.081473299,0.350798077,0.159614052,0.408114572
21724,0.35989228,0.227569746,0.210963304,0.20157467
21725,0.088250654,0.28521233,0.147186751,0.479350264
21726,0.04970315,0.34326104,0.365888067,0.241147742
21727,0.207757806,0.056258208,0.610258669,0.125725317
21728,0.10262922,0.102403086,0.375954321,0.419013373
21729,0.235612381,0.283248823,0.112367366,0.368771431
21730,0.439955456,0.061154383,0.100920688,0.397969472
21731,0.233904267,0.175229923,0.399880842,0.190984967
21732,0.324986913,0.209713143,0.100274308,0.365025636
21733,0.381919493,0.367102791,0.131083539,0.119894176
21734,0.048729999,0.578824681,0.248894764,0.123550555
21735,0.219349334,0.362545139,0.070674998,0.347430529
21736,0.616390513,0.163553934,0.11220589,0.107849663
21737,0.246147946,0.105576441,0.557589292,0.090686321
21738,0.348659703,0.234967328,0.301270698,0.115102271
21739,0.144243101,0.378213305,0.384586742,0.092956852
21740,0.097656954,0.631983416,0.206264521,0.064095109
21741,0.131554789,0.443015728,0.224262085,0.201167398
21742,0.210623548,0.173607702,0.468236721,0.147532029
21743,0.46834365,0.253802322,0.101381771,0.176472258
21744,0.38670858,0.172337916,0.367956249,0.072997255
21745,0.277384867,0.19779426,0.31811466,0.206706213
21746,0.263340622,0.470097878,0.11090999,0.15565151
21747,0.506733454,0.281026429,0.136176014,0.076064103
21748,0.429919505,0.307134446,0.1615502,0.101395849
21749,0.078039589,0.472616587,0.285539321,0.163804503
21750,0.090717886,0.116640924,0.593149897,0.199491294
21751,0.501813953,0.07391623,0.336539956,0.087729861
21752,0.505211763,0.116019579,0.169687128,0.20908153
21753,0.354823607,0.202665781,0.223289057,0.219221556
21754,0.08144698,0.548087662,0.177344807,0.193120551
21755,0.171687588,0.25807084,0.343439858,0.226801713
21756,0.098624202,0.363714983,0.114369448,0.423291367
21757,0.162175724,0.419725549,0.039341949,0.378756779
21758,0.241196248,0.202028256,0.141738149,0.415037346
21759,0.250999795,0.446216776,0.16853705,0.134246378
21760,0.153293289,0.046857894,0.305669213,0.494179604
21761,0.111164502,0.12831332,0.482184646,0.278337532
21762,0.05442137,0.751563861,0.03581792,0.15819685
21763,0.451201477,0.091865229,0.042396353,0.414536941
21764,0.229697403,0.040280304,0.574133477,0.155888816
21765,0.422701554,0.122643798,0.112263773,0.342390875
21766,0.073441912,0.39793621,0.047185397,0.481436481
21767,0.086372002,0.156822853,0.371539017,0.385266129
21768,0.173570863,0.302641204,0.337526201,0.186261732
21769,0.210382605,0.167891446,0.088369074,0.533356875
21770,0.118704164,0.310772101,0.222670217,0.347853519
21771,0.047734823,0.109123414,0.355657056,0.487484707
21772,0.147580334,0.323893586,0.200359323,0.328166756
21773,0.128908625,0.487510357,0.084709413,0.298871606
21774,0.048615386,0.165348204,0.513115379,0.272921031
21775,0.219309766,0.240088683,0.241749177,0.298852374
21776,0.42288808,0.260802925,0.119158553,0.197150443
21777,0.051041926,0.09274904,0.580723511,0.275485523
21778,0.30446761,0.163389694,0.147488883,0.384653813
21779,0.356797801,0.230184265,0.11429598,0.298721954
21780,0.16067289,0.131032354,0.452760432,0.255534324
21781,0.099707107,0.150755241,0.551510305,0.198027347
21782,0.409213659,0.083144622,0.408706662,0.098935057
21783,0.278056601,0.158154365,0.180459114,0.38332992
21784,0.642543331,0.190765016,0.069638181,0.097053472
21785,0.120487858,0.53895502,0.273459163,0.067097959
21786,0.085216805,0.166671143,0.249807927,0.498304125
21787,0.060473412,0.749126539,0.069431435,0.120968614
21788,0.392698293,0.289134643,0.082763642,0.235403422
21789,0.10808871,0.251551858,0.239190629,0.401168803
21790,0.543665005,0.134416688,0.123622093,0.198296214
21791,0.270270491,0.212679013,0.153594001,0.363456496
21792,0.07661374,0.352275453,0.402648756,0.168462051
21793,0.152740957,0.243762579,0.495823121,0.107673343
21794,0.052971409,0.524246019,0.286111018,0.136671554
21795,0.219391706,0.049428569,0.598717295,0.13246243
21796,0.232624481,0.272068617,0.170430375,0.324876527
21797,0.228988239,0.467880775,0.1179454,0.185185586
21798,0.446695895,0.058018501,0.271199507,0.224086096
21799,0.117223623,0.102186549,0.187557614,0.593032213
21800,0.11669184,0.082917791,0.347124925,0.453265444
21801,0.164032347,0.114591484,0.274844724,0.446531445
21802,0.062784224,0.210352151,0.375783739,0.351079886
21803,0.1196479,0.127507287,0.524505012,0.2283398
21804,0.181823357,0.46023155,0.148735359,0.209209734
21805,0.520889266,0.083752957,0.157283911,0.238073867
21806,0.11270601,0.394277114,0.186626175,0.306390701
21807,0.164117097,0.398970614,0.149573865,0.287338423
21808,0.323513287,0.104517114,0.173674097,0.398295502
21809,0.572559101,0.082500101,0.103177328,0.241763471
21810,0.65084649,0.06585969,0.183334841,0.09995898
21811,0.174881624,0.473094869,0.264727699,0.087295808
21812,0.170108178,0.070608984,0.44842699,0.310855849
21813,0.221790383,0.516500226,0.062097457,0.199611934
21814,0.144742477,0.251350914,0.451508835,0.152397774
21815,0.234712905,0.082102948,0.413559618,0.269624529
21816,0.297856623,0.419427886,0.080324827,0.202390664
21817,0.10061083,0.130099618,0.636294816,0.132994736
21818,0.086078265,0.12316113,0.352825849,0.437934757
21819,0.219394449,0.268648156,0.117135279,0.394822115
21820,0.658324367,0.154280878,0.080763927,0.106630828
21821,0.138459714,0.123162744,0.606336333,0.132041209
21822,0.401177485,0.417071612,0.082677725,0.099073179
21823,0.106692467,0.40069581,0.288886637,0.203725086
21824,0.139324477,0.415268013,0.306044697,0.139362813
21825,0.089008876,0.415359718,0.146079777,0.349551629
21826,0.193867006,0.391408388,0.33046714,0.084257466
21827,0.067471409,0.105981962,0.72373958,0.102807048
21828,0.10476594,0.491455434,0.118331072,0.285447554
21829,0.158007993,0.13326411,0.530470837,0.17825706
21830,0.070584365,0.132065932,0.551915018,0.245434685
21831,0.246583505,0.337729268,0.121273961,0.294413266
21832,0.229958702,0.496705577,0.067109863,0.206225858
21833,0.52953781,0.072966904,0.311665068,0.085830218
21834,0.629381239,0.149993005,0.132328945,0.088296811
21835,0.072825418,0.480839738,0.186675081,0.259659762
21836,0.056650802,0.150078062,0.597525558,0.195745578
21837,0.131192935,0.077922362,0.517940214,0.272944489
21838,0.229686346,0.111810189,0.543675089,0.114828376
21839,0.139680617,0.508880387,0.205051633,0.146387364
21840,0.595388941,0.077825535,0.222705001,0.104080523
21841,0.523085562,0.184803935,0.138856599,0.153253904
21842,0.064162955,0.304580274,0.5305688,0.10068797
21843,0.525384605,0.096846842,0.197548117,0.180220436
21844,0.044489379,0.58922108,0.205064254,0.161225286
21845,0.335562804,0.135826902,0.312445749,0.216164545
21846,0.111908326,0.495464083,0.203725273,0.188902318
21847,0.424515884,0.138895517,0.289506912,0.147081687
21848,0.142097013,0.197096839,0.170533806,0.490272342
21849,0.481799232,0.33314654,0.087944844,0.097109384
21850,0.605291417,0.10088983,0.099417788,0.194400965
21851,0.160883402,0.594966741,0.061740704,0.182409153
21852,0.441672537,0.143651352,0.198560255,0.216115857
21853,0.100382268,0.181665859,0.492016105,0.225935768
21854,0.332086184,0.116148381,0.124570608,0.427194827
21855,0.121751568,0.45291376,0.108982868,0.316351804
21856,0.497202027,0.124964906,0.281140455,0.096692612
21857,0.13987001,0.531767887,0.079189326,0.249172778
21858,0.579585146,0.085348138,0.064063588,0.271003128
21859,0.420644924,0.075604857,0.086643954,0.417106266
21860,0.529654782,0.274968034,0.068246888,0.127130296
21861,0.179031036,0.151278271,0.52831016,0.141380533
21862,0.050428996,0.522530943,0.262816502,0.164223559
21863,0.081086238,0.231582482,0.213797993,0.473533287
21864,0.366542612,0.406606119,0.060493773,0.166357496
21865,0.12980563,0.293526356,0.411004028,0.165663987
21866,0.180262458,0.128356652,0.529652652,0.161728238
21867,0.07750323,0.112342939,0.278632324,0.531521508
21868,0.169092398,0.114012397,0.489757697,0.227137507
21869,0.338133003,0.075193338,0.147467347,0.439206312
21870,0.258742036,0.186884279,0.289451942,0.264921743
21871,0.669368218,0.079522269,0.068892803,0.18221671
21872,0.069079754,0.476213768,0.298707619,0.15599886
21873,0.288340986,0.359031336,0.263980517,0.088647162
21874,0.108275278,0.581851562,0.145691243,0.164181917
21875,0.359164177,0.355669738,0.081166849,0.203999236
21876,0.635139852,0.120765904,0.140970199,0.103124044
21877,0.082839111,0.468439276,0.095800436,0.352921177
21878,0.39354788,0.463399535,0.068073472,0.074979114
21879,0.304891543,0.329626315,0.068475897,0.297006245
21880,0.465068842,0.133623388,0.28172001,0.11958776
21881,0.137526756,0.288928091,0.206981489,0.366563664
21882,0.212092766,0.170857774,0.282359366,0.334690094
21883,0.076157816,0.314964438,0.286480278,0.322397469
21884,0.174485985,0.554726668,0.052737311,0.218050037
21885,0.131076323,0.464557591,0.073416756,0.330949329
21886,0.386813083,0.216223585,0.086828643,0.310134689
21887,0.224663219,0.072160559,0.432760583,0.270415638
21888,0.088030145,0.345158206,0.440004723,0.126806926
21889,0.119612566,0.224329024,0.2362148,0.419843609
21890,0.21803628,0.139854725,0.206883556,0.435225439
21891,0.537764109,0.04901634,0.277394429,0.135825121
21892,0.076931193,0.349353843,0.087117383,0.486597581
21893,0.096377092,0.364794491,0.097997743,0.440830674
21894,0.110466333,0.071915493,0.277375978,0.540242196
21895,0.050360465,0.071103737,0.745679266,0.132856533
21896,0.355084447,0.132798584,0.341268125,0.170848844
21897,0.200984717,0.408652394,0.253261565,0.137101323
21898,0.163162086,0.260329552,0.333116202,0.24339216
21899,0.16592087,0.121284576,0.57493871,0.137855844
21900,0.100302548,0.084194618,0.114456204,0.70104663
21901,0.19463605,0.581876441,0.060571847,0.162915663
21902,0.060025019,0.163704681,0.575145847,0.201124453
21903,0.072442804,0.162313624,0.521369374,0.243874198
21904,0.195229075,0.06955789,0.279111888,0.456101148
21905,0.052805779,0.45980101,0.263726854,0.223666357
21906,0.093865467,0.262775041,0.096099243,0.547260249
21907,0.069585938,0.32567519,0.185004592,0.41973428
21908,0.33894156,0.138387396,0.210275481,0.312395563
21909,0.238854536,0.083818976,0.34150494,0.335821547
21910,0.439220736,0.149536649,0.12313945,0.288103164
21911,0.150507815,0.607427833,0.117212018,0.124852335
21912,0.173039007,0.45820338,0.045023163,0.32373445
21913,0.132766175,0.452989179,0.107046856,0.30719779
21914,0.10214278,0.121343868,0.217361179,0.559152173
21915,0.260509476,0.087027637,0.336744433,0.315718454
21916,0.080996657,0.135531589,0.184455476,0.599016278
21917,0.157685312,0.121453532,0.206914881,0.513946274
21918,0.077198787,0.103405792,0.683984071,0.13541135
21919,0.179172744,0.082505323,0.612009229,0.126312704
21920,0.198930267,0.235791749,0.122727072,0.442550912
21921,0.13455115,0.538503314,0.110676021,0.216269515
21922,0.383679634,0.223229408,0.092648862,0.300442095
21923,0.180916117,0.105368364,0.190383544,0.523331976
21924,0.188078182,0.099918635,0.25126983,0.460733354
21925,0.405861229,0.183859325,0.202922299,0.207357148
21926,0.393143416,0.092218464,0.13008612,0.384552
21927,0.117114764,0.156688036,0.560505438,0.165691761
21928,0.135241099,0.637007749,0.070624287,0.157126865
21929,0.083468736,0.071032505,0.129952972,0.715545788
21930,0.042170335,0.299626705,0.212711047,0.445491913
21931,0.166353707,0.303900191,0.092081975,0.437664128
21932,0.111021465,0.058470752,0.550231404,0.280276378
21933,0.093372206,0.471947689,0.076482023,0.358198081
21934,0.109184988,0.321587073,0.175020105,0.394207834
21935,0.178282979,0.197710667,0.12581811,0.498188243
21936,0.20486,0.204443524,0.151789583,0.438906893
21937,0.085867857,0.175163855,0.540537918,0.19843037
21938,0.035470892,0.513291739,0.154274148,0.296963222
21939,0.079615183,0.315752265,0.098194698,0.506437853
21940,0.395742233,0.202494121,0.114174752,0.287588894
21941,0.091581219,0.079848986,0.289420224,0.539149571
21942,0.137025989,0.633177595,0.122216426,0.107579989
21943,0.07161466,0.394226961,0.077063158,0.457095221
21944,0.058914869,0.504786955,0.262122347,0.17417583
21945,0.115340149,0.296202266,0.089216245,0.499241341
21946,0.454354834,0.176277149,0.100918721,0.268449296
21947,0.48262346,0.18084894,0.145425599,0.191102
21948,0.143581935,0.428113723,0.220922033,0.207382309
21949,0.153140583,0.367777539,0.127630123,0.351451755
21950,0.129541149,0.451618438,0.082740956,0.336099457
21951,0.103404545,0.250811245,0.3350741,0.31071011
21952,0.385651231,0.093877687,0.095096139,0.425374943
21953,0.422609479,0.239392968,0.077135279,0.260862274
21954,0.253973928,0.10556646,0.151124265,0.489335348
21955,0.446157259,0.127927535,0.189330727,0.23658448
21956,0.095336503,0.150262647,0.160657571,0.593743279
21957,0.443112961,0.153386606,0.18237657,0.221123863
21958,0.051073268,0.644535244,0.172645316,0.131746172
21959,0.106529069,0.155406066,0.127049894,0.611014971
21960,0.165768069,0.502416443,0.058871161,0.272944326
21961,0.202422587,0.212255351,0.323322661,0.261999402
21962,0.616819254,0.154046529,0.104756829,0.124377388
21963,0.100329854,0.481589065,0.299864321,0.11821676
21964,0.163302134,0.065079414,0.632428836,0.139189616
21965,0.095730816,0.121087011,0.329927941,0.453254233
21966,0.094823841,0.070195682,0.407231315,0.427749162
21967,0.457900183,0.04976578,0.231505356,0.260828681
21968,0.236441524,0.429363824,0.07382344,0.260371212
21969,0.058644677,0.167120363,0.183886708,0.590348252
21970,0.194252906,0.191380352,0.10334079,0.511025952
21971,0.163281296,0.287715294,0.435585975,0.113417435
21972,0.349139794,0.195260141,0.150958076,0.304641989
21973,0.412777843,0.183423362,0.051968633,0.351830162
21974,0.456572979,0.192039953,0.079822427,0.27156464
21975,0.056906243,0.130170494,0.309853365,0.503069899
21976,0.267421433,0.362937469,0.275167821,0.094473277
21977,0.151298948,0.380073756,0.175414437,0.293212859
21978,0.235533274,0.061442224,0.247174057,0.455850445
21979,0.297345086,0.2056658,0.076695811,0.420293302
21980,0.089875623,0.549422006,0.110035019,0.250667352
21981,0.145495951,0.483839979,0.194692159,0.175971912
21982,0.165821487,0.252698948,0.194151519,0.387328047
21983,0.062345311,0.073768487,0.310456334,0.553429868
21984,0.155488446,0.207124516,0.216228586,0.421158452
21985,0.068003868,0.515150484,0.104329436,0.312516212
21986,0.117716815,0.11871226,0.628793813,0.134777112
21987,0.077614802,0.264818589,0.24183055,0.415736059
21988,0.350993479,0.184711787,0.173198196,0.291096539
21989,0.093564585,0.29950656,0.283909477,0.323019378
21990,0.053502592,0.387172131,0.28202702,0.277298257
21991,0.269810674,0.252384973,0.19762937,0.280174983
21992,0.24860931,0.22551728,0.118718019,0.407155391
21993,0.140691059,0.386048175,0.167958668,0.305302098
21994,0.074349784,0.434319667,0.416712232,0.074618316
21995,0.069508076,0.184981566,0.462938561,0.282571796
21996,0.445930952,0.157556141,0.078092895,0.318420011
21997,0.316434069,0.11561032,0.261182324,0.306773287
21998,0.266568495,0.160455611,0.171548564,0.401427329
21999,0.096450745,0.58550954,0.197210547,0.120829167
22000,0.509700605,0.086008653,0.238125992,0.166164749
22001,0.14860921,0.471543542,0.284074112,0.095773136
22002,0.174310697,0.448263956,0.11251701,0.264908337
22003,0.100065473,0.229529062,0.467698676,0.202706789
22004,0.587685898,0.156651131,0.089925918,0.165737053
22005,0.292894981,0.078159737,0.24162898,0.387316302
22006,0.096427159,0.244191012,0.164012639,0.49536919
22007,0.228854946,0.386850905,0.155648309,0.228645841
22008,0.081278935,0.184235377,0.456323126,0.278162562
22009,0.400801079,0.17632232,0.172357493,0.250519108
22010,0.143134404,0.478122988,0.067344299,0.311398309
22011,0.096813071,0.303947351,0.292759473,0.306480104
22012,0.283740866,0.157072196,0.18578472,0.373402219
22013,0.303531423,0.095430889,0.381628534,0.219409153
22014,0.143863428,0.119251409,0.603129622,0.133755541
22015,0.144639025,0.101676664,0.310098318,0.443585993
22016,0.076610612,0.425542407,0.086000289,0.411846692
22017,0.078999665,0.720010025,0.067103608,0.133886702
22018,0.226635723,0.184632364,0.344420568,0.244311345
22019,0.216556762,0.146734502,0.227579589,0.409129147
22020,0.214180333,0.156527514,0.269654161,0.359637991
22021,0.083950197,0.286606727,0.314043553,0.315399524
22022,0.532021205,0.10674152,0.17919282,0.182044455
22023,0.337061472,0.088674741,0.322908074,0.251355713
22024,0.255858593,0.092912811,0.1502516,0.500976996
22025,0.385969306,0.216942275,0.11015497,0.286933449
22026,0.636382446,0.132339234,0.056103267,0.175175054
22027,0.304220012,0.226845732,0.129646581,0.339287675
22028,0.425584362,0.123177562,0.072306055,0.37893202
22029,0.111834764,0.132945877,0.083174132,0.672045227
22030,0.419238929,0.051995562,0.416309722,0.112455787
22031,0.228472558,0.230384179,0.095564285,0.445578978
22032,0.112269573,0.298809494,0.079906396,0.509014537
22033,0.079265658,0.140965831,0.664003406,0.115765105
22034,0.651891153,0.108455799,0.093962761,0.145690287
22035,0.230588964,0.166054499,0.114822442,0.488534095
22036,0.46593945,0.214127859,0.11972804,0.20020465
22037,0.17755323,0.212749797,0.063937068,0.545759905
22038,0.163252899,0.31336238,0.084229248,0.439155473
22039,0.412045311,0.345613173,0.045152949,0.197188567
22040,0.176885853,0.39957664,0.139382615,0.284154892
22041,0.137839839,0.077371574,0.550149665,0.234638922
22042,0.223412977,0.204913781,0.290257758,0.281415483
22043,0.167733727,0.473652178,0.097765056,0.260849039
22044,0.098672122,0.137596844,0.287396112,0.476334921
22045,0.073592107,0.512648008,0.115031872,0.298728013
22046,0.165093949,0.226016841,0.312435619,0.296453591
22047,0.161089469,0.46590975,0.093018435,0.279982345
22048,0.148972876,0.66781393,0.07054401,0.112669184
22049,0.140728809,0.535113827,0.098960607,0.225196756
22050,0.184413618,0.373046918,0.35140464,0.091134824
22051,0.071439681,0.108548307,0.64062181,0.179390202
22052,0.199314013,0.394455592,0.21738804,0.188842355
22053,0.056319763,0.670182649,0.16770882,0.105788768
22054,0.10863835,0.100918657,0.658346676,0.132096317
22055,0.200234586,0.154114621,0.48955541,0.156095383
22056,0.178362295,0.070172709,0.622482843,0.128982152
22057,0.361715702,0.121739302,0.227035891,0.289509106
22058,0.239246765,0.515428105,0.135678135,0.109646995
22059,0.19986148,0.452269221,0.093539802,0.254329497
22060,0.219740507,0.27139383,0.081326743,0.42753892
22061,0.118509078,0.145155999,0.476039671,0.260295252
22062,0.144346098,0.240611115,0.475405963,0.139636825
22063,0.037183545,0.663635042,0.203743027,0.095438386
22064,0.46284791,0.222926511,0.167537209,0.14668837
22065,0.161097329,0.178215553,0.419062473,0.241624645
22066,0.404813918,0.174817091,0.165137549,0.255231442
22067,0.438547178,0.21173712,0.063697186,0.286018517
22068,0.175675377,0.718029255,0.032088763,0.074206605
22069,0.071175494,0.544447387,0.111900694,0.272476425
22070,0.451417542,0.086658434,0.129652277,0.332271747
22071,0.376039911,0.184979405,0.12977685,0.309203834
22072,0.047355577,0.52188975,0.353731311,0.077023362
22073,0.167535874,0.164426046,0.321922139,0.34611594
22074,0.051814204,0.736433249,0.126871239,0.084881308
22075,0.125852862,0.291709051,0.221392946,0.361045141
22076,0.640929348,0.166034644,0.099370505,0.093665503
22077,0.23750353,0.137953576,0.132566964,0.49197593
22078,0.42663868,0.14502042,0.110887593,0.317453307
22079,0.352367214,0.041505113,0.075566931,0.530560743
22080,0.111847616,0.072280171,0.432508427,0.383363786
22081,0.096091285,0.573914573,0.125884769,0.204109373
22082,0.551208536,0.176088839,0.094046362,0.178656263
22083,0.041449926,0.474656731,0.152719395,0.331173948
22084,0.145360862,0.117772398,0.05030499,0.68656175
22085,0.249337243,0.096983663,0.139897012,0.513782083
22086,0.072573552,0.376114298,0.043683951,0.507628199
22087,0.053725218,0.053346881,0.341082583,0.551845318
22088,0.09856582,0.134192022,0.114969678,0.65227248
22089,0.029930526,0.497311631,0.161203216,0.311554627
22090,0.105567892,0.17750081,0.199936491,0.516994807
22091,0.06527465,0.15919337,0.572803798,0.202728181
22092,0.505390936,0.233792897,0.0525929,0.208223266
22093,0.094586289,0.172861175,0.362305205,0.370247331
22094,0.113933277,0.079696345,0.275596914,0.530773463
22095,0.074990699,0.208512579,0.161124409,0.555372312
22096,0.144415958,0.048794365,0.611283925,0.195505753
22097,0.444319872,0.039324741,0.090288749,0.426066638
22098,0.277030879,0.06265977,0.541924572,0.118384779
22099,0.081528727,0.347646985,0.132249479,0.43857481
22100,0.08614577,0.177264383,0.595496356,0.141093492
22101,0.425639767,0.221830037,0.128935023,0.223595174
22102,0.07871377,0.364351261,0.150522584,0.406412386
22103,0.295860919,0.256902323,0.164193684,0.283043074
22104,0.279795972,0.323445689,0.103200782,0.293557557
22105,0.060341134,0.326165315,0.233845744,0.379647806
22106,0.636452989,0.142433964,0.05559067,0.165522376
22107,0.149818984,0.110970404,0.506240539,0.232970073
22108,0.279051595,0.132557079,0.241634851,0.346756475
22109,0.301169794,0.39502207,0.117790461,0.186017674
22110,0.102429392,0.098101793,0.195942659,0.603526156
22111,0.351882268,0.175706178,0.13198167,0.340429884
22112,0.065739262,0.229014053,0.435209238,0.270037447
22113,0.092773518,0.475094155,0.175129512,0.257002815
22114,0.243078452,0.110932068,0.172071184,0.473918296
22115,0.203102805,0.115019765,0.113721208,0.568156222
22116,0.098954296,0.236927952,0.424497125,0.239620627
22117,0.221892685,0.11788959,0.499531267,0.160686458
22118,0.686117117,0.081418652,0.073042582,0.159421649
22119,0.097947798,0.549110484,0.089581559,0.263360159
22120,0.098430619,0.05408946,0.587978178,0.259501742
22121,0.075321316,0.256407265,0.16997954,0.498291879
22122,0.135364844,0.243598424,0.494664246,0.126372487
22123,0.108934844,0.446475771,0.178847761,0.265741623
22124,0.053340994,0.361638968,0.278008706,0.307011331
22125,0.268675677,0.125192495,0.136497714,0.469634115
22126,0.237902859,0.116288733,0.274248474,0.371559934
22127,0.560593637,0.129870017,0.115851414,0.193684932
22128,0.351295708,0.234872494,0.215285224,0.198546574
22129,0.085485261,0.112707304,0.163373524,0.638433911
22130,0.057489923,0.288163027,0.486310905,0.168036145
22131,0.624955959,0.065773878,0.165343012,0.143927151
22132,0.078925928,0.223436768,0.410204975,0.287432328
22133,0.056544763,0.084619372,0.619064153,0.239771713
22134,0.338507071,0.130411738,0.180236878,0.350844312
22135,0.596786807,0.068173287,0.069415457,0.265624449
22136,0.251895388,0.156259371,0.073247408,0.518597833
22137,0.248881359,0.118587296,0.186655247,0.445876099
22138,0.233351629,0.218988446,0.121694247,0.425965678
22139,0.125164876,0.394346972,0.145934136,0.334554016
22140,0.060439277,0.063664179,0.372377237,0.503519307
22141,0.048100498,0.275993817,0.202678169,0.473227515
22142,0.179460736,0.071700103,0.580415529,0.168423632
22143,0.186099103,0.16285649,0.29383138,0.357213027
22144,0.043094968,0.270350385,0.511543145,0.175011503
22145,0.130817194,0.141415919,0.257967538,0.469799349
22146,0.190953805,0.059165633,0.366877472,0.38300309
22147,0.365418938,0.06686621,0.172030964,0.395683888
22148,0.351658358,0.097602774,0.092958903,0.457779965
22149,0.065889735,0.321913651,0.0436621,0.568534513
22150,0.104010276,0.09597938,0.606421203,0.19358914
22151,0.144192559,0.047395409,0.405605121,0.40280691
22152,0.17893942,0.078901118,0.057114901,0.685044562
22153,0.045968712,0.291206631,0.483083027,0.179741629
22154,0.097040005,0.392730247,0.140343041,0.369886707
22155,0.125791386,0.251139283,0.334586281,0.288483051
22156,0.051530532,0.496484291,0.103417274,0.348567904
22157,0.122445024,0.267063288,0.380238995,0.230252693
22158,0.07930437,0.357988506,0.13902753,0.423679594
22159,0.134269768,0.245411451,0.423140598,0.197178184
22160,0.115832821,0.278342716,0.103976354,0.501848109
22161,0.054377825,0.399586655,0.154119698,0.391915823
22162,0.093220858,0.272716807,0.329422347,0.304639987
22163,0.371543426,0.091210963,0.105715959,0.431529652
22164,0.045430765,0.067391175,0.546335708,0.340842353
22165,0.05751669,0.405209006,0.196822956,0.340451348
22166,0.406846669,0.4223023,0.085863143,0.084987888
22167,0.256881134,0.26284676,0.271054117,0.209217989
22168,0.164623431,0.129556547,0.410523092,0.29529693
22169,0.353318634,0.069349547,0.199589181,0.377742638
22170,0.100820493,0.246746846,0.520457145,0.131975516
22171,0.114979745,0.290002317,0.323178788,0.271839149
22172,0.074285419,0.164063784,0.139431965,0.622218832
22173,0.140972902,0.542212308,0.084098931,0.23271586
22174,0.498184425,0.143603973,0.063325699,0.294885903
22175,0.094360347,0.394021101,0.143096049,0.368522503
22176,0.212376866,0.1106162,0.257767693,0.419239241
22177,0.120929195,0.099931074,0.148915692,0.630224039
22178,0.243774701,0.361007845,0.096502053,0.298715401
22179,0.065316836,0.324538761,0.062417749,0.547726654
22180,0.192778668,0.14323065,0.496431424,0.167559258
22181,0.111871983,0.567190375,0.091579013,0.229358629
22182,0.395779086,0.086621382,0.22836683,0.289232702
22183,0.183994872,0.451095814,0.082893726,0.282015587
22184,0.287605487,0.080405716,0.130161588,0.50182721
22185,0.19784719,0.291230399,0.053919702,0.457002709
22186,0.071600687,0.511312535,0.065790223,0.351296556
22187,0.107912115,0.323590235,0.066296293,0.502201357
22188,0.216549535,0.156237926,0.338396616,0.288815923
22189,0.181166284,0.054954246,0.424835364,0.339044107
22190,0.074493388,0.428723991,0.136851458,0.359931162
22191,0.227060315,0.156544618,0.450448772,0.165946295
22192,0.118128958,0.157864126,0.225606169,0.498400747
22193,0.099957123,0.192917525,0.079303606,0.627821747
22194,0.292336918,0.268106529,0.056477062,0.383079491
22195,0.207434719,0.538533053,0.191816928,0.062215299
22196,0.289394564,0.056701795,0.101284242,0.5526194
22197,0.115144417,0.45243839,0.058389699,0.374027494
22198,0.094829821,0.074957205,0.110468376,0.719744598
22199,0.744528269,0.077342665,0.05691065,0.121218416
22200,0.525420509,0.068938638,0.119953699,0.285687154
22201,0.187132657,0.515081111,0.176263038,0.121523193
22202,0.552392406,0.249456585,0.061689836,0.136461172
22203,0.532534185,0.279961872,0.063089774,0.124414169
22204,0.157192108,0.279326329,0.050924848,0.512556715
22205,0.36390127,0.189733574,0.250072,0.196293156
22206,0.084529872,0.164927883,0.474908759,0.275633486
22207,0.107784655,0.055139614,0.413233461,0.42384227
22208,0.267536811,0.422778292,0.077165954,0.232518942
22209,0.199710805,0.096277328,0.074441128,0.629570739
22210,0.125773958,0.184343125,0.214324448,0.475558469
22211,0.119486854,0.301186278,0.065604318,0.51372255
22212,0.040877961,0.335850153,0.321926459,0.301345427
22213,0.089996952,0.240666912,0.142245409,0.527090726
22214,0.058130464,0.186409711,0.361186986,0.394272839
22215,0.060633556,0.103431823,0.680194227,0.155740393
22216,0.463996239,0.145671479,0.093850575,0.296481707
22217,0.091318744,0.111031568,0.531721942,0.265927746
22218,0.081316647,0.344853527,0.064526035,0.509303792
22219,0.342489378,0.079692763,0.129075203,0.448742657
22220,0.673557706,0.052742346,0.109641403,0.164058545
22221,0.067825775,0.197515961,0.098771259,0.635887006
22222,0.680612298,0.120234314,0.061032924,0.138120463
22223,0.194529057,0.348543484,0.065483534,0.391443925
22224,0.164664423,0.126720857,0.184496154,0.524118566
22225,0.625367708,0.167735912,0.107697138,0.099199243
22226,0.089739123,0.070753746,0.630165164,0.209341967
22227,0.432352262,0.224365213,0.231705675,0.111576851
22228,0.049491815,0.590752964,0.118658803,0.241096419
22229,0.190214273,0.398709631,0.092190463,0.318885633
22230,0.163601516,0.101509289,0.600901981,0.133987214
22231,0.547456173,0.184335821,0.14321173,0.124996275
22232,0.417856842,0.176717193,0.094662301,0.310763664
22233,0.136566481,0.120897461,0.31191759,0.430618468
22234,0.211073611,0.46134975,0.068568001,0.259008638
22235,0.271754738,0.116758618,0.136652518,0.474834126
22236,0.641761012,0.14392135,0.067630709,0.146686929
22237,0.303668994,0.08552115,0.277198136,0.33361172
22238,0.069888432,0.222750783,0.403866564,0.303494221
22239,0.141016555,0.491690816,0.188068664,0.179223965
22240,0.148735958,0.274496525,0.230150974,0.346616543
22241,0.306259795,0.174812287,0.142320617,0.376607301
22242,0.491093113,0.203761662,0.049640864,0.255504361
22243,0.073760912,0.582962486,0.063991262,0.27928534
22244,0.176983012,0.563071531,0.133600383,0.126345074
22245,0.484500348,0.114402398,0.065564662,0.335532592
22246,0.143846278,0.473052831,0.111538887,0.271562004
22247,0.123744889,0.115630929,0.51401906,0.246605121
22248,0.392023051,0.111657223,0.37614678,0.120172947
22249,0.094292658,0.148997043,0.314965764,0.441744535
22250,0.434714243,0.058081497,0.143902141,0.36330212
22251,0.098065855,0.090568468,0.31108723,0.500278447
22252,0.106091018,0.063542493,0.462459792,0.367906698
22253,0.134730791,0.386173278,0.043263551,0.43583238
22254,0.053940488,0.115117093,0.335110526,0.495831892
22255,0.064300952,0.0685267,0.293488098,0.573684251
22256,0.24381537,0.063528571,0.134382238,0.55827382
22257,0.478431932,0.088478371,0.156408754,0.276680943
22258,0.075423849,0.388918978,0.180648133,0.355009041
22259,0.170303798,0.094607783,0.148942228,0.586146191
22260,0.04933438,0.063817969,0.303182304,0.583665347
22261,0.181332183,0.09373645,0.305011257,0.419920111
22262,0.350196894,0.22426031,0.120381779,0.305161017
22263,0.078569993,0.301528061,0.050937564,0.568964382
22264,0.364963569,0.225299804,0.082366436,0.327370191
22265,0.227274741,0.120828868,0.443557629,0.208338761
22266,0.110745856,0.062025118,0.241998622,0.585230403
22267,0.053232251,0.055263499,0.422638965,0.468865285
22268,0.251788944,0.155914105,0.122941724,0.469355227
22269,0.206068279,0.648087813,0.043386607,0.102457301
22270,0.091521226,0.204655131,0.360351092,0.34347255
22271,0.164995064,0.303739656,0.33004791,0.201217369
22272,0.220404712,0.429301059,0.102163512,0.248130717
22273,0.280738887,0.251031488,0.200374501,0.267855123
22274,0.166891454,0.547408136,0.070320833,0.215379577
22275,0.094732923,0.518112874,0.176642815,0.210511387
22276,0.063147093,0.162334521,0.47327483,0.301243556
22277,0.246971959,0.139469217,0.518612644,0.09494618
22278,0.100127257,0.321814916,0.302601168,0.275456659
22279,0.46888961,0.205856679,0.096784623,0.228469088
22280,0.311246737,0.097566169,0.266125486,0.325061607
22281,0.619545537,0.084237677,0.157363391,0.138853395
22282,0.060016772,0.350895185,0.49660626,0.092481784
22283,0.122726224,0.2185168,0.267224769,0.391532208
22284,0.295854499,0.111931273,0.478301388,0.11391284
22285,0.082482691,0.378534748,0.177016158,0.361966404
22286,0.130337152,0.076874709,0.531503695,0.261284444
22287,0.364404097,0.229863232,0.096926215,0.308806456
22288,0.352002492,0.149246782,0.188368378,0.310382348
22289,0.149106688,0.408473423,0.220563372,0.221856518
22290,0.369871875,0.080034546,0.406745789,0.14334779
22291,0.565986448,0.086088398,0.147522206,0.200402948
22292,0.274543298,0.232703604,0.191475959,0.301277139
22293,0.214861957,0.390319155,0.115533125,0.279285763
22294,0.293353799,0.152153194,0.166082944,0.388410064
22295,0.144017103,0.273258657,0.371994715,0.210729524
22296,0.261490325,0.107601826,0.19605301,0.434854839
22297,0.169042771,0.217319984,0.341874071,0.271763174
22298,0.157653744,0.221519099,0.393680807,0.227146349
22299,0.07721409,0.622657501,0.102835839,0.19729257
22300,0.54305029,0.215435948,0.113562865,0.127950896
22301,0.085577321,0.234084997,0.549477542,0.130860141
22302,0.150226142,0.418175981,0.16810267,0.263495206
22303,0.340044635,0.181244816,0.174378151,0.304332398
22304,0.206374139,0.361359346,0.106051712,0.326214803
22305,0.169411075,0.297310544,0.290399524,0.242878857
22306,0.225458041,0.169608076,0.48192957,0.123004313
22307,0.104305299,0.303091241,0.107756427,0.484847033
22308,0.124258788,0.256532898,0.249376968,0.369831347
22309,0.425435547,0.10194972,0.073258505,0.399356228
22310,0.314111813,0.085061409,0.212935237,0.38789154
22311,0.213514683,0.348103314,0.124722395,0.313659608
